1111 11111111

lungo 111111111111111111 11111, 111111 1111111ᾱί1111 11
1111111111 1111111111 tempo. 1111111111 1111111111111, 1 111
degon 11111111111111111 111111111111111 degli 11111111 nomi·
1111, 1111111111 11111111 11111111111 chouno 1111 11111
111111 111 1111111111 tempo 1111 11111111 111 111 ohe 111-
aggi. 1111111111 111 111 11111111 11111 11 ragione 111 11·
1111 11 8111111111, 1111111 11111111 1111111 vera, 111111
11 1111 11111 1111111111 11 1111111111 1111111111 sono
11111 1111111111 1111111 11 1111111. 11111111111111,11111
aveto 11111111 111111111111, 1111111111 111 11111111111 11
11111 posto 11 11111111 11 1111111 111111 11 1111111111 uo
111111, 11111 11111 1111111111111111111111111 11111 pero&
ooo: 1111, 11111 1111111111 1111111111 gravi 11 1111111, 11
11111111 111111 considerationi del 8116111111.

11 11111111111111 1111111111 111 111 11111 1111111111·
11111 111 questa 1111111111, non 11111 ragione, 1111 111
111111111111111111111111 11 quel cannono 1111111 11111 111
111111 1111 1111 grande, 111111 111111 111 11111111 1111111
1111 1111 1111111111 11 moto 1111111111111111,1 111 111·
11111111 1111111111 11 11111111111111 1111 1111111 1111·
11111111 11111 parole o 11111111 11111 11 proposito di 11111
111111, 1111111111 111 11 111 11111111 perebo per 11111-
11111 11 propono, 1111111111111111 111 1111111111111
1111111 11 1111111 1 111111 11111 quella del 11111111,11111111
1111 por un (1111 111 1111111111111111111111, 1111111111·
1111111111111111111 (11 111 1111 11 1111111111 11111 111·
1111111 (111 1111111111 111 1111 ), 1 1111 111111111111111111
111 (11111111 11111111111 pari 1111111111 1111111, ed 11111 pass
11 1111111111 11111111 1111111111 111 11 1111111111 1111111111
11111 11111 11111 1111111111 11 11111111 111 1111111111 temp,
11111111 11111111 11111111 1111111 poi diseguali.

111 11111111 1111 11111111111111 disputa 11111 111. 111
1 111 111111111111111 1111111111111111 11111 1 parte 1111.
1111111111 11811. 11111111 11 111 111111 1111111111 11 111

11111111 1111 11111111 111111 1111, 1111111111111111111111
111 111111111111 qual 1111111111 11 1111111111 indocto 1
1111111111 11111 1111 1111111111 quale 111 1111111111 11111 111

 

