1111· 11111111 1111111111

111111111111 1111* olio: 111 11111 11 fondo: adunque 11 11111111 111
111111 1111111111. -

11111 1 pm 1111111111 agmon· m
per 1111111 1111111111, 111 1111111 vi 1 111111 1’ 1111. 1.- 11111
1111111 111 111 111 11111 1 111, quando 1111111 111 11111 111 1
fondo por 11111 111 11111111 111111 11 111 1111111111, 111 111 111
11 1111111 11111111, 111 1111111 11 1 11111, 1111111 111 1111111 11 111
ragione: 1111111 111111 1111111111 111 ogni 1111, 111 inponimus 111
11 111 1111111111 11 gravio 111111111 1111111111,111 111 11111111
corpo 1111111111 (11111111 11 11111111111 munimento 1111111111111
11 11111111.

11 11111111 11111111 111 1111111111 fluum [1111111111 ιώ·
rebbo 11 111111 11111 11111111 11111, (111111111111 mondo-huin&
1111111111, 11 11111 mame 11 1111111111 aalma 11111111 d
11111 11111111111 dagoni 111 111, 1111111 11 figure 111 11111 ἡ.
111111111111111 1111111 11111 111111. 1111111111, 111 111111 du
111111 111111 serium, 11111 11111 111111111111 111 11111111 111

11 11111111 1 11111111111111111111111 11111, 111111 111 dim
11111111 11111111 11111111. vignale 111 11111111, 1 11 1111111111·

111 11111111 di 11111111, 111111 1111111 11111111 11111111111ᾳ111
11111 tempo 1111111111 1111 11 11111111 1111111111, 1111111 111

111111 11111 111111 111111 11111111 111111 11111111 1111111 1111 111,
1111111111 111111111111111, 11 11111111 11111111 11111 1111111111 1 111
1111111111. 1111111 dir& 1111111111, 1111111 1111111111 111111111111
1111111, 111111 11 111111111111111111 111111 (11 1111111111111. Β
11111111 primo, 1 dn 1111111111, 111 1111111111111111111111111
111 1111111111, 1111 11111111111111111 111 111 1111111ωοί111 111ιί
1111111, 1111111131111111 1113111111 11111111 11111111 1111 mi
1111111111, path& 111111 1111 1111111111 11111 111111, 1 pm) 11111
L· ragione 1, 111111 lo 11111 1111111, 111 11111 1111 111111111111111,
1111 11111 1111 1111, 1 111111 11111111 111111 11111111, 1. 3. φοΙι
11111111111111, 1111 111 111111 1111 111111111111. 0111 11111 111
111111 1111111111 mi dl 1111 1111,11111111111111111 md 11
1111, 111 11 11111111 (1111111111 1111111, 111 11111111 11111 111111
011 1111111 1111111111 111111 111 1111 11111 1111 111111 11 11111·
1111111111111,11111 1111111111111111111111 1111111111μῆ
111 1, 111 11 11111 grum 111 11111111 111111 luogo, 11 111 qod·
111 1111111111 11 11111 1111111, 11111 11111 qundo 111 11111 111111-
οἰι1111111111 11111, 11 111 1111111111 11 monumento 11111 dnh
11111111 done 111111 1111111. 1111111111 11 1111111111, 111 11 mo

 

