580 11111111

111 11111111 1111111111 1111 11111111 1111* 1111111 1111 11111·
11111 1111111 ·

Allo 1111. 211 111111 11111111 11111111 discorso 111
1111111 1111 1’ 1111 1111111111111111111 11111111 o 1· 111 111
111 11111 11111111111111 1111111111, 1111111, 1111 1111, 111
1111111 1111111. Prima, 111111111111111111, 1111 111 11 11111111

11111111, 1111 111111111111, 11 111 1111111 1111111111111
1111111, 11 quale raossmente 1* 111111, 111111 1111111 1111111
11111 11111, 111111 111111111 11111111 11111111- 11111111 111-
1111111111 11111111111 1’ 1111111111. 111 11 sig. (1111111 1111
1111 11111 1111111111111 11 11111111111111111111111, 1111111111
111 111 1111111111 111 1111111111 1111111111 11 1’ 1111, 1111
111 grandissima 11111 1111 11111111111111111111. 1 1111·
11111111 111111111111 1111111111 11111111, 11111111 11111 11·
11111111 1111111 11111, 1111, 11 111111 11 ogni 11111 11111-
111; 11 1111111111111 111111 111 111111111 11111111 bn
111111 1111111 111111111111111111111111 11111111 1111111111, seb·
11111 111 1111 11 1’ 1111 11 1’11111; 111 11111 sa 11111111-
1111 11 stagno 111 111111111 agli 11111111 1111111111 111111 111·
11111111. Ma 1111 111111111111111111111,811111 Gratim
111111111111 che 1’ 1111 111111111111111111111 111 111
111111 11 11111, 11 111111 11111111111111 vedere 1111111111
1 11 111111 111 1111111 11 111 1111111111111111111,111111-
1111111 1111’111111111111111 11111111, 11 111111111111111 11111
Μ1 111111 1, 11111111 1111111111 1111 1111111 11111111111,1111
se voi 1111111 1· 1111111111 11111 calamita per vedere 11111111
11111111 i 1111111 111 111111111 legno di rovere. Ma 111-
1111 11 1111111111111111 111 11 1111111111 1 11 1111111111111,
1 11111111 11 1111111111 11111111 sa 111111111111 da 111111·
tatto, 111111111111111111 ella 111 11111111 1111111111111, 1111111111
1111 111 111111111111111111111 quel chiodo, e 111111111111
11111111111111111111111111111111 111 111111 superasse 11
1111111111111111 11111111,1111 111111 1111 11111111 111 11
1111111111 1111111,111 che 11 11111, 111 111111 111111
11111111, 111 1111111111 11 111111 1111111 ο 1111111,1 111-
11111 111 1111111111 come 1111 111 men 11111111111 11 11·
111111 (1111111111 1111 11111, 111111, 1111, 1111 1111111111111

 

