104 13111111 31 cicinno

113111, 3111331113 3113113 313 331 31311113 313133 331 31131113
311131313333133113 1313 33131333, dopo 3113 3133113 33311
333113 11 33333 13’ 13131 33333111133331333111 33111331311, 331
quali 3113 11333313 13 133; sc bone, 33133 3113 benissimo 3313,
quand‘ 3333 1333313 31131 311311, poco 311113 3333113131111313 31·
13333133 1333, 3333313 3333 ni 3333331311, 313113313311 33113
quistione 3113 31 113113; 333133 3113113 3131133333 311 13 13331
, 333 311 333111 1’ 33 31113 3 331133 333131113131333, 333 po
tendo ordinas discorso molto 33131133,311333311131ὸ 331
133131 13333313 3331 1311111, 3113 V. S. 3131113333, 3 quelle
3333, 33113 quali io 311 333333311333113331311 poco di 311
manifesta espiicnzionc‚ 33333313 33311311113331131311 11111111
1333333 33113 333 3131111333 1311313. Ε 311133 V. S. 33111113
331113 1313131131311333 33113 311111 3313311133, 333 13 quale
io voglio 3113 13113 31313313 311333133113 1’ 311333 13 33313331
33333133313113 3331331331 33113 133333. 013 13 1333313 331-
11331313 ὁ bono 3113 V. S. 133313, 3113 questo 131311331131111
3313311133 non 1 1313, mn d'nn 33331131 3113313313, 11333113
113113 3133313133331 31313313 3311 3333133111, 11 qualo 113-
3331331 31333313 13 33113 occasione, che 31333333 questo Ai-
13333 sereniss. 11 331313 313333 3333113333 13 questo 3133111113,
13333331313333331333131111 dc· 31131 3333131111, 1331111313
1113311333 33313333 331111 13113 13133313 331333 11331131·
3133111 1311331333, 3 11 131 3113113 3111113133 1333311133 31·
13113 3331331113 133113 31 3331313133111 333311333 311313113,
313333311113331133113 31 1133333 33113111133113 1311331333
313 333 31313 non 3111 31333 131113113313 13313 1331313331
13313, 331 quello 3113 13 3111113, 1331313 11 113113 333311313 bn
333333 13113 13331313, 333 13 quale 13113333 333311311333·
31333 11 311, 31313333 3 111311, 313333111313111331331113111
31111 signori: Adnnquc 331 3333131313 3113113333 311111
3313311133, 333 13 quale 3113 33333 331 331313333313313133·
3313 1 331313 si contigui? 3313 331 3333313311 33111311313
occasione 11 131 33331333 13113313, 3311311313 131133331331
13331313 nilo 13113 31331 3111 1311331333, 11331331333113111
3311 333313311, 3333311, 33313 113 13113, 3111 1333 3331313-
3333 13 3331131111333 3113 33313113113 33331133331 Ε quesn,

 

