3111 1113333111

13 similitudine della 131313113, 313 3133333 3 311133 3311333-
13333 3 33113, 333 31131113 331 13 3333331133113 3333111331
313131131 31111; 1131333311 3333111331 333 3133113113 333·
113331ιὶ333, 33133 113 33113 31 13313, 3313313 13 3133113. 011
331313 questa esperienza 3111 33113 333 3311311333, 1313111
11313 1333 31· 3311 313133 131333313 13333 31 13113 3133131331·
313 33331333 313 Ι1331131 131 31111 13 3333131113 11113133.
01113 313, poco di sopra, egli stesso 33331333333313 3311111
813. (1311133 3’ 31131 3111131311 1333131311133113 31 3333 11·
3131313 13333 331 1313313313 31 1333313 1 333331 3 veramente
13 33 3331313313 principale e in 333 3333113313 3113 3311
3313 1331313113 3 decidere 1311313 3311113333 3111311313 11313
11 813. (13131313 (31333113 333 paee 133) 3 31313 alquanto
31333131313 13 113131313113; 3 13313 3111 313111313 313 33331·
33113, 333313 1331333131313313, 133333311 331 333333 eme
1313133113 31 3333 1333113 11333 3 33113, 3313311113 311
33333311 potesse 1313 313 3113 13313133 33313113, 313113 31131
13113113. Ne 33113 3 13313333 3131311333113133313 31331311
813. (13133113 3333331313 313 13 3133111 133313 31313 a 331131
11 1333313 133313 33331313 133113, 313 31 113333 11111311 333·
113113, 313 331 13 313333313 33113 3333111333 33113 313311111
131313113 31 noce 11333 3 33113, 3 3113 333333 1331311111 11
13333131131311313 13333. Echi 333 1333 313 33 11 1333311
13 33331313 31333, 3 11 1333133313 33313113 13 31313 3 31111.
3111 333 1333, 3133, 3113 33 13 131313113 31 3333 313333 3311111
3333111333 3311333313 31313113,133113 3111 313313133313 33-
113113 33113331313 3 33113, 3 333 31333313, 33113113 313131
13133111 813. 03133113 333331 1133133 333 3333131331 33111
131313113 31 3313 331 1313 31313311 31 13333, 13 33313, 1333313
13 133 33111133, 1313113 contrario 313113 311331133333. 0311
13 333 posse 31131313 31113, 33 333 313 3311133333311111113
133 1331331313 1313313 3 331333331333 131333311113, 3133 31
1313 313 333 131313 fusse 331 13333 331133333 13311 13331111
(333313 313 3 13111 13331313113 11 11313113), 331 3131333311
13 1113, 333 3113 3113 333 33131333, 133 31 333 311133 detto:
331313 333313 31133131333 13333 33313 3133313 3113 3113 333

313 3 33331313 31333313.

 

