11 1111111111111 1111111. 1111

11111111 1 1111111111 on 11111 11111, 11 111 1 impossibile, 1 quoodo
11111 1111111111 11111111111111111111111111, 1111111 impossihile 111
11111111111 11111111φά1 primu 1 poro 111 1 11 1111111111111111
11111111 111111 11111ι 1111111111 111111 11111 11111111111111111111·
1111111, 11111111 1111 11111111111 11 11111 111111111111111111 111-
1111. S· 11111111 111 1111111111 111111 11111 11 11111 1111111111111
11111 11111 1111111, 1 1111111111 111 11 1111111111 dello 1111111111
1 11111, 1111111111111111 111 11 1111111111 (111111111111111 (1111111111-
1111 11111111 111111 11111 111111 111111111111 11 11111 111111 111
111 1111, 111 nono 11111111 11 11111, 1111111111 1111 11 luogo 11111
11111 11111 11111, 111 111111 111111111111111111,1111 11111111 1111,
111 (11111111111111 11111111ς 111111 111 vi 111111111111111, 11111
polu, 111111 111111111111111 1111111111. 1 111 11111111 11111
1111 1111111, 111 11111111 111111111111111111. Ε 11111 11 potrebbe
111 111 11111 1111 111 11 1111111 111 11 11111 1 veroin gudo
11111 11111111111111111111, 111 111111111111111111. 111 11 111·
1111111111 1111111111 1111 111111 1111111111 1111111 1111111 (11 111-
11111111, 1111 1111111111, 111 11 11111111 1111111111 11 11111111,
mon, ·1 molto 111 11111111 11 11111 1111111 111 11 1111111111 (111
1111111111111111111 1 peroio 111111 11111111111111. No 11 1111111
11 111 111111111 1 111 1111111111, 111111 11 111111 111 1 olio 111 111-
mm} erm: 11111111 1111111111, 111 1111111111 1111111111111-
mi 1111111111111111111 11111 111111, 111 11111 toga (11111111111111
1111111111111111111111111ς 111 1111111111 11 to 11 111111111; 111111
111 11111111111 1111111 11 poro 11111 (11111111111111, 1111 11 11111·
11111111111111 1111111111 1111111111, 111111 1111 111111 porte 1111-
11111111111111,111111 1111 paro materiali, 1 peroio 11111111 11 111-
111111111111111111111 (11111111, 1111 111111 11111111 por 11111111, 11
11111111 11111111 11 1111111 1111111111 luogo proprio, 11 111 111111
1 11111 11111111111111, 111 1111111111 111111 1111 111111 111111111-
111111 1111111111 111 11111, 11111 molto 1111111, 1111111111-
11111111111111111111, 1111111 di 1111111111 11111 1111111 111 1111·
1111111 11 11111 11 1111 11111 111 1111111111, 111 1111111 11111 parti
1111111111111 111111111111111111111.11111111, 111 11111 11Ιά1 di
111111, 11 1111 11111111 111 11 froddo 111 1111111 quasi 111111; 11111
111111 11111111 1111111111, 111111 11111111 froddo 11111 ello, 1⁰⁸¹st
11111111111111 (111 froddo 1111111111 1111111111 oode 11 porti souili
1111111111 1111111111 risolvono 111111, 1 111 1111 pi& 1·ῐῦ ⁶⁰¹·
l'oqm 1111 1111111 1111111111 oi 1111111.

,11111111 11 111111111111111111 1111111111 111 111 1111111111

 

