338 01000011

0110100000110 10010 10000110 0110101100, 000 0“ 0110000 1
11111000 00010 00110; 010 1100110 00 0011 000000 010 0111 010010
10 101100 000 (iia ia 110000110011000001 0001 000010 00 001
011001010 010 1101 100101011Ιο , 001000 0010010000 ie 0000010
0001110, 000 0111 ragione si 000 01011000 000 1100000 0011010-
0100, 00010 00100 misto, che 001 0011101100 010010οῑ0 11011’00000;
0 111 0101000011οηιο 01 0110010010 10 00011 (10110100100000 00001
meno 00010011 000 000110 1101100000, 000000 10 000110 000 00
00010 010 1001100001000101010010000 10000001001101111001100100
0110 0010, 000 00 010000 00110 100100. Ni occurre 00011 810110-
101000 0000111 10 00011011010000010000 (10110000111101100000
000 010001000000, 00010 01 10110 00110 00001010, 000000 001
0001000101 0001 000 01 i bisogno 111 110000110000100110110001-

0110010000010010000010110, 00100 appare 10 010110 101110 111
10100 000 piane 0 10000, 10 00011101100100010000000010001·
01100 10000101 : 0011 veggasi 000010 010 1100010 001100000 000·
010 11110, 000 10 00010 10 000 00011010001000000,000 00000
00 00100110 000100010 1000010 111 00001010 00 000 01001010·
01010 00001110, 00100 00 011001010010000000100000011011010·
1100, 10 00001010 0100110000 0000010 00001000010111 1010000
000 100110 100100 01 0000010000 0101101001100101011100010,10
001 00011 0001000000 0000 10010 0111 00000011, 000010 010 01
10010 00000100110 1 000110 110 0000 000100010. Νο0010001100-
que 11110, 000010 10000110 01001101 0111 001100000 000 0011010·
1100. Credo 0000 000 000 010110 0111 100110 si possa 11100,000
11 101000 01000001000 110 simili 0000110010, 0 001 suppone
0001010 10 000010 del 1101110 1101, ec. 0 11010100111 00011 01111111-
quodque 1111010. 010 00 000111100010111101000; 0000011 quanio
011000001001001 00000000,οοωο 110 11011010 000001001100000·
1001001, 0 01 111101100οο 0000110 esu-eme miserie, per 010000·
11000 0110 0000011100110001110111,111 101010οο1 011000 00101010 di
umidi 1000110 001110οΙ1 (0· 00011 0100000 11 810. (10100100 ), 000
00011011 11οΙ 10000, 000 101010 (101100011101101100000, 1000000
10 0000111010110110 101100 0 10 0100110010, 0 01 00001000000
con 10101110 00110000, 0 0011110 001 1001000οο 11010100οο00
1000 0 1000 10111110 [0011001100 111 100000 000010010 10 00011,
11000000 0000000 1000 senza 00011 umido 00100000, 000000 11

 

