111 11111111-

11111111111111111 11111 1111 111 nn 11111 11111 11111111
1111111 1 111111111111111,11111 11111111111111, 11 vostro
11111111 11111111 1111111111, 111111111 811111 11111111 11111
111111111111111 1111111111111111111 111 111111-11’“111111111
11 1111111 quel 111111111111 1111111111 111111 11 1111111-
1111 one vi 111111 11 11111 1111111111111111111111111111111·
111111 Sig. 11111111, 11 quale, 1111111111 1111111111 11 111-
1111111111, 111 11 1111111 111111111111111 11111 quistione
11111 1111111111 11111111. 11111111 1111111111111111111111111
11111111 11111111, 111111111111111 111 occasione 111111
1111111111, 111111 entrare 11111111 111111111111111 11111111
11111111 (1111111111 anzi 111 11111111111111 11111 11 11111
11111111 111111 11 111111 11111111 11111111111111111111
meglio considerare gli 1111111 -vostri 11111111111111 1111111111
1111111111111111111111111111111 11111 1111 111 11111
11111 11ςί111 11111, 1 1111111 11 111111111111111111111111111111,
1· 1111 proposito 11111111111111 1111111 111 vni? 111 1111111
111· 1111 1111111111111111111111 111. 11111111111111111111
11111 davni 1111 1111 11111111 (11111111 11111 111111 111111)
1111 111 consignate 11 111 1111111 1111111111111 1111 111
11 simini per 1111111,11111111111111111111111111 1111111111
111 111111111. Prima 111 dite: 1111111111 111 11111 11111111
111 1111111111 1111111111111 11111 11111 111111, 111 111 111
111111 11111111 11111111 111 1111111111 1111 1111111111 s ‚
111111 11111111 11 [noco 1 11111. Μ1 questo 1 1111 1111 11111
11 111 propono? forse 11 811. (1111111 111111 contrario? 0 1111
11 111111 mira, 1111 1 solo 11 111111111111131111 11111111 1 1111
1111 111111 111111 1111111111 da 111 111 1111111111 contrade,
1111111111 1111 11 11111 11111111111111111 Voi soggiugnen:
non 111111 inconveniente 111111 111111 111 1 11111 1111, nm
1. 1. 11111111, 11111111111111111111 111111111111 annia 1111111
11111111111111111 concavo 111111 tuna, 1111111 11111111 111111
111 11111111 111 1111111111 1111111111, 11111 11 sno 11111 11-
1111111,1111111111111 1111 impuno 1111111111, 1111 1 1111 11111-
11 111 1111 1111111 11111111, 111 1111111111 11 1111111111 111
11111 11111111.9 11 1111 11 1111, 111 111 111 11111111 111111.
Quanto 11 111 11 n 1111111111 11 111 111111, 11 11111 1111

 

