00000300 0000300 ι 0330000303. 67

1001310113 piramide 000301313001, 3113 0030111 13 1000010 ᾖ
1011 acqua, 13 30100133 31113 13110333 1011330130 1111 3113

13033 0301010113110333 10113 piramide 0 0000 ABG 13110 00
13 1300, 11 001 11330100 013 BC: 1100 ohe 10110 0030111110
0031 31100 01113000 11 101, 3001031 0000313 0000311010 101-

130003 BC 00033 003303003οἰ. 110101 13 DF 033311οΙ3 3113111.
0 101001301-11 001033 0 01110100 Ec. 11 quale 0301 131010 31
0030 ABG. E 00001111 01110100 DC 31011131130111113ι 13 30-
100133 0300031000, 0100131103331111 3113110333111, 33 11
01113130 GE 31 00001111) 10030 131103331111 3113 10033 03310
10113110333 101 cono: adunque, 000 13 00000031030 00031011
01113100 DC 31 0030 ABG 0100301111 3113 10033 03310 101-
131103331111; 33 0030 1111 3113 1033303010 11 BE, 0001 d
13 0330111 1310000101οΙ 0000 ABG 3113 03301113 131000010
1011300031 adunque 003013 3010 101 001110 DC 3113 3010
101 0030311111,0001 13 0030111113 1000010 1100000030 3113
0030111113 10000101011300030 adunque, per 10 10333 00000-
10010,1Ιο030 ABG 0003 assolutamente 0030 003301011
acqua 000310 3113 3010111]; 33 130003, 0130 000 13 130001-
done 1010030 ABG 01030 0033001313 101 000 10000, ὸ quanta ι
030100110 0300103300ῑο 001 10000 DC, 0113 0000 000310 31
0000 010 13 0030013ς adunque 01 1301 10001111010, 0 il 0000
0001001 00033 0101 00010013301. 13113331100110100130001001
0003313301001331300 03 0000 3030 3110, sari anche 303
grave, 0 13010 011 30010310033300330000301.

E manifesto 330033, 0030 01 0003030 133 0031 0 piramidi

di 003101300113 3310313 0101 00300 1011 acqua, 11 quali posti -

0011 acqua 00113 00331110 0031310 0101, 3001100 00333 33-
1300 10 100100 0000131 00 010101100030 quello 010 11 0003310
dimostrato 10’ 001031 0 01110131, 0 010 101301000311 3 quelle
11 0031 01110131103300030 003110113 30100133 3310013, 0
100 30110 011 3111 1101113101, quelli rederamno 3 03113, 000-
0131 0303330 10 3010 0 0000 000311 310001 01113101, 0 003
300010103 1301 0003113 quelle 10’ 01110101, 13001003330 00033
000311 3011 13013, 003100013 103100 3011 300100111. (100010,
010 003 3010 10003010 s'd 1130010310 10’ 001031, 01110101,
0001 0 piramidi, 01001001101130013300 11 10110 1311001100το

 

