11 1111111111 11 111111. . 211

11111;111111 11111111 1111111111 1111 ia 111111111111 nnn 11111 11111·
11111 11 1111111111 11111111, 1111111 nnn 11111111 1111111111111111-
1111111111, 1 enin 1’ 11, 11111111111111111 11 111 11111111, 111111111 1
111 11111 111111111111, nnn altrimenti 111 ei 11111 11111111111111
1111 11111 11111111 111111 11111 11 111111 11 111111 11111, 11 11111
11111111 1111111111111111 1111111111 1111 111111, enirn 11111111
qli 11 monde, nondimeno 1111 1111111 11111111 1111,11111111
eh 1111111111111111 11 11111111111111,1111111111 11111111. ii
1111- 111 1111 11 1111111 11111 11 111111111111 11111, 111 111 enen
11111111111, 11 1111 egli 111111111 11111 11 1111111111 11 11111, 111
1111111111 111 1. 01111111 1111 1111111, 1111 nen 1111111 11111 ee nnn
de 1111111111 11 1111111 1111111 1111111111 1111111111, 111 1111 11111
1111111 1111111 11111 1111 11 11111 111111111, enne ei 1 111111 nr 111-
μὶ 111 1111111111 111111111 111 11 11 11111 111111 1111 111 11
111 11 1111111111 1111111111. 0111 1 11111 111 1111 nnn ei 11111111,
111111 11111, 1111111 11 1111 111111 1111111111111111111111, 11111111
lmine 11111111. 1111111111 nnn 111111 pin 1111111111 111111 1111111111,
a nn 1111111111 11 111111 1111111 1 1111, 111 11111, 11111111 11111111,
11111111111111111111111.1111111 111 1111111 regioni, 1 11111,
mehe 111 elementi, 1111 111 11111111 11111111 ingenuo 111 11111111,
1111111111 1111111 111111111111 1111111 1111 11111, 1 11111 111»
111; in 11111111111 11111111111 1111111 11111 11 1111111111 111 ie
enee 1111111 111111, 11111111 11111111 111 1111111 1111111111 ai
1111 1111111111 luogo beeeieeimn 111 1111111 1111111111 11 11111
uinta 11111111 11111111 11111111. ii 11111111111111 1111111111111
fl 1111111 11111, 1 111 11111111 11 111111 1111111. ii 111 segne 111
111 1111111 1111111 111 elementi simili 11111111111111, 11 111111 11111-
11111 ei nnieee, 11111111 11111 iero 11111111111111111111111, 1 11
fl qneni 111111 111, 111111111111111111 1111111111 11 1111111111 ni·
111, 11111 nnn 111 11111111 111111 11111 111 non 11111 1111 1111111111·
nih eii'nn'e e 1111111111 1111111111111111 i' 1111111111, 1111111 ie 11111-
111 11111 1111111 11111, 1 1111111111 11 11111 111111 1111111111 111
fine 11111, 11111111111 11111111 ene 111111 11111111111111111111111
μ1111111 1111111111111 1111111, 1111111111 1111111111 1111111111, 11111
d 11111111 1111111 111 111111 11 11111 eon 111111 instrumento 11

11111111 11111111. ΑΙ 111 1111111111 111 nnn 1 111111111111111 111·
1111, 1111111111 1111111111 111 1’ 1111, 1111 1111111111 11111 11 11111
enen-ie 1111111 11111111 111111, 111 11111 11111111111111111111
111111111111111111111 11111, 11111 111111 1111111111 1 11111111 geling-
ΙΙΙ, none dinem· 11111111 nnn 1· 1111111111 111 in 11111 1 in 11111

 

