01 irretito 01 orricii. 203

vcro 0 00010, 1000011001 10000000 10 0001 (11000010001000 (10110 00000 cs·
00001011, 0100 000 00010001000001010010001101 00000, 0110 non 10 000100
cognitione, 000 01000οᾶ00010 001000 110110 0000, 010 000110 101 000100
1010011100οω 01 01100100οι00, 0110101000οο 110 11 000 0001001οω0010.
onoc 000110 (11000010001001, 0110101 00000 000010000010100. non 000
0000010 0 00011 (11000010001001,010110011 0110111. 110 00 000001000100000·
0000 000010 (10110100 1101 810110111οο, 000 00 101100 como 01 00000 pii
0000010100ίο conoscere 10 gravior 0 10 1000000000 dc’ composti, cho 11

0000001010, 10000001000100 001 0001001010 100000 01 vodo 1100110001000,
11 0001001010, 0 000010 dol 00110001000 0 (10110011οτ00 fondo 0100001-

10010 11001,οοωο 01000100001110111001101 00001101,010110000 10 muniere
000000000οω11 00010010101101 composti, 0101 10 0000110 0 1010000000ιο
oi 0001. Quanto 0 00οΙ 101100000000100110 00000, 0001100110 01000 010
0110 000 000010 01ιο duc sono 10 muniere dci conoscere 10 cose 0110
01000 in 000000 notura, 0 00001010 01000. 11 000001 vero 00000011000
Ι0101 001000 00001100 quando 0 0111011000, 10 dimooiraziouc degli circili:
1100000110 000 100001 (1100010001000, 010000100001001 procede, si
1000110010. 11100000 chi 000 1100000 0000000 un 0110110, 0 000 10 di·
’1001001000 110011 0110111, 000011 00 circ 0011 010, 100 0000100 0011 010 011
ὁ 100010, cohi 000 0001 dimosirozionc 11 0000000, 010000 101100 000
0110 011 c misoclo, 0 cho 0011 010 0 0000110 0011 010110000110000110
000 00110 00 solido 00110001000, 001100 cho 0011 001100010, 000 11001000
qocoiio. 110 quando 01 00 che un 0011110110 0001001010 00000, 000 0010
u che 0011 001Ιο0010, 000 000000 0000110 0011 001100010, 01101111 sc-
000110 0000110. E quando i'argomcnio 000 10000 001010, 11 circ 10 000110·
001,11 0001001100 01 00101100οοοο contro 01 810. 11011100, 10000οο100011
001 0011001000 010000οο0, 01ιο 00 00000010 010 10001000, 0100 0011 010
00000 00001001010, 0001 000110 0111 000 10 00001000 011 conoscere 11
00001000ὶο10, 01ιο 000 cono 001 conoscere 10 1000000000.
· (1011110001100000010000
(1000100000 10 00010000 d’Archimodc non 0010 10 10110 0 000
tutiorem, 000 perquerio (1010110010 1100100010, 0001 01 (1011110 0100-
1000110000 di 010000 lodo, 0 00 0011 000 0000111010 0111010ιο veriti 01
br 0 0000000, 00 essendo 00000 110 0000100 10000 0011 ho 11010 0001000
0 ’10100000 0 011 01101 di 01100000 1101000100111.11000111οω0100000(10
101, 0110 00 1 00001 complici 0000000 piri gravi 0101100000, 001100 01
0001οο00000οο 10 cosa, 0 dcll’ 01100 00010000 00001000 0000010010 000·
01001001, 01000100 110 0001010 000 00000, 0 01011000 000110 10τί0101110.
(ivi) 1100110010 c ciobr‘ir'ic 0010010 coro
11110111100010010 100110 00001000 0100 voro 0 10100 10 coco

 

