1811 11110111

0111111, 101 01111111111111 11 111111110011110111111001·
1111011 11111 110111 01101 11 1111111 1111111011111111;011·
11111111 1111111111 11111 0101111111111111 1111111111 11
· 111111011111 111 1111111111 1111110011, quanta 111111011-
1111 11 nuovo 0110 111 11011 00111-1101101111 11111 1111111
discenda: 1 11111 111’110011101’11111(11111111111111111 0101-
11111 11 1111110111111111 11 1111111111111 11 011 11111 1111
· 111 11101110 11 materie 1100111111111 1111101110011001111101
1111111111110101111 11 0110, νζ 0., 11 11’ 01111 11 01011110.
11 11 101111111111011 11110 11011110 (0111111111 0011, 11110
questo 1111 1111110 11111 011111 11111 10111111 0101111111 moto:
11 qual 11111 111011 11 10101111111111111111,1111(1’1111101
001111 101111111 0110111110 1111111111110,0 1111111111 11001
minima 111111 1011111111. Quanto 001 111111111111111111011
grave 11 1101111 1111101011, ε’ 1111111111 11’ 1111 11111111 11111·
sima 1 1011111111 maggior 10111 11111 10111011 1111111111
1 0111100111 10111 0111011111 111 111101111110111 in 01111111
figura, dalla figura 11111111 11111111111011111111011 1111111
1111111110111 11 1111111111 110111 1111111 110110 0111101111
sostenen-e 11111111 men superiore 111· 10011 11 0111111. 11111·
1111111110 111 111 esser 101111110 111 Sig. Columbo, 011 011110
11 1101111111 (come 11 1111010010101111111110101111 Siw-
11110) 111 11 figura 11101111 1110111111 10110011111 1
11111111111 galla un 10100, 11111101011 1011011111 110111
raccolta, 1010 10111 1110111111 10111 1· 11 0111101 0111011
0101110, molto 11110 (011111 110111 1111111111 00111111 110·
1111111 111 11111111 111111111 (11001011111110110111111
(Pag. 126) 001111 11111111 0111 11001111 11.
1111111111111111 11 figura, 11101111 111011111111, 001-
giunta 101 materia 011 11001111 (1111101011, 101 001 mai 111·
011111 11101110111111 01111, 00110111111 1001110111 111
10110, 011111 11 conclude 111 111111 non 111111111011 11-
1111 1111 111101101 divisione, 11001 11 11111 (1111111110 01111
11 figura 101 011 impedire 1011110111111111011110111 11111
11 11001110 1111111111,110110 11110 00111 impedire 111 mg·
glor 10111 10111 (0111111 grave 111111111111 1 11 (011110 11
1101111111 11111111 0111 11001111 1111111011 100111111111

 

