11111111 11111111 1 111111111111. 89

maworn, 111111111111111111 111111111111111 11111 1111111
1111111111111111111111111 primu 111 fusse vero 1111 111
maggior 1111111 11111 1111111111 11 11111111 111 velamento
1111111 11111111 111 111111 11111111111111111111111 11 11111
1111111 1111111111 per 1111, 1111111 111111111111111111111-
111111, 111 11 maggior 1111111111 11111111111111111 1111-
1111 1111111111 111111 111111111111 11111111 111 111111111-
1111111111 11111 11111111, 1111 111 1111 peni 11111 1111, osia
' 11111111111 11111111, 111 1111 11111111 11111111111111111
11111 11 11111111 11 quanm 11111111 11111 1111111 11111
1111111, perche 11 11111111 11111111111111 1111111111111. 11111·
111 111 1111111111) 1111111 gran 111111111111111111111
11111 1111111111 11 1111, 11111111 11111 11111111111111111111111
1111111111, 1111 111 1111111111 1111111111 11111 1’ 11111
111111 1111111111 pit} 11111111 1111111111 11111 11111, 111
1111111111111111111111111 1111111111 11 11111111 maggior
1111111111 1111 1111* 1111. 1111111 1ὑ111111ο luogo, 11111 111
1111111111 1111111 111111111111111111111111 1111111111 111111
1111 11 111 111111, 111 11 111 111111) 1111111 1111111 11111
11 11 11111111 11111 11111111111111 11 11111111 11111, 1111
1111111111 111111 111’ 111111 1111111111111 111 11111 111111-
1111111. 1111111111, 111 1111111 1111111111111111111. 11111-
11111 111111 1111 1111 11111 111111 1111111111, 111111111 11 111
prino 11111 111111 11111, 1111 111111 superando ss 111111
11111111111111111111 1111111 11111111111 11111111 11111111
1111111111, 1111111111 potato 11111 111111111111111 1111111111
1111111 impeto maggiore 1111111 1111111111 11111111111111
1111· 1111 111111 poca 111111.

’ E 11111111 11111111 pi& 111 11111111111111111111 111111
1111111 11 Democrito, 11 11111111 1111111111111111111111111111
inpugnare 1111111111, 111111 se 1 1111 1111 gli 11111111 111-
mli 11111 1’ 111 1111111111111111111, 111111111111111111111
1111111111 11111 [111111111111111111 1 1111111111 111111,
111.1’ 1111 1111111111 1111111111, 1111111 1111111111 gravia.
11111111 11111 111 gran 1111111111, 11 111111111111111111
111111111111111111111 11111111 111111, 1 1111 111 mole
111111 1111111111 111111111111111 1111111111 poca acqua: mn

11111111 (1111111. - T. 1111. ¹²

 

