1 10001111100110 00101100. 355

100 00111, 01000110 001 000 000010 0001000 00000 000000 1001
1000100010υο 11 010001010,01100000 00001100010 1000110 10
1000010000 10110 100110 000101ος 00100 001 presente 0000
00001110 01010 0000000010, 0110 001 000010 01111010 100001 101
810. (10111000010101010 0110 10 0001000 10110111 1100001 010
0 000 010 000100010, 0 00011 01000 000011 0110111, 0 00011 000-
010 01101001; 0000110 0110010οη10 001 000 0000010111 111000000-
100010 01 0110000 100001· 01000, 0000 100000 001110 10 100010-
1010 00110 000111 001001010 illuminare.
0100138) 1000111010 1011000111 1010110 ec.

11810. 1101010110 0000011 11101000 000100 01 810, 11011100
000 0000010000, 100 0011 11 010 000010 0000011000000110-
1000100011 000110011000. Qui 000 01 1100010, 00 01 00100 se
0011000υο 010 0001010000 010000, 10 00010 00000 11100100011
10010 10’ 00101, che 10 0000 000001000 0 1100001000, 0010110
· 000010 0 0000001010 0 000001010 10 000000, 0 101 81011011-
100 10 00011001010 10 11001 1000111 00 000 01110100010011010;
ma 0100100 00 001100000 010 0001010000 01100000 110100, 01 che
0110 00000 000 0010 1110010100, 010 annullare 10101100010 11 0100-
00001 0101000 00000, 0110 000 10 000 001000, 0100 001 10 000
000011101000000000, 10 101 01 100000οὴ1101 0 11 810. 11011100
dice di 00, 0 000 00010001001000101 000 10110 1100, 0110 000010
1101100000 10000 000 1010 0001010000 01100000110100, 01 10000-
101111000 1010011111 di cosi 01001010 10100, 0110 000 10 0010000οο
dividere, eche in 00000000000 10 0000 01 1000100000ος 00100010 ’
00100011000000000110000 00 1010 000110010 si 00000 0000- ·
11000, 100 10 01100 010110 01000100101110001 0000 0100111, 0110Ι
000000110110001000100001001100, 00011 0000 000011 010011
1001011111ἰο impalpabili, 0110 1000 10 1000010100011 0100000011
miano ancora 0 1001000110 100000, 0 0100100010 00100 00
0000 000011 0000000 000000 10001011 10110 1001010000101100000
01100001110100, 0010110 essi 000000 01 1100001000, 00001010
101 0001010000 000 esser sensibile. 11000011 810. 1101001110 01
00010 00010 0110010 10000010000 000110 11 810. 11011100, 0010110
10111 010011 01 1100001000 adagio, quasi 0110 110100000οἰ 10010
0100011 0100000010 11011000 010010 010 000 11011000. 1101 00010
111000110810101001110, 11 1000110οο che 0οο0 01 mulsmsss

 

