322 31300311
030 13 00330000313 1’ acqua 3 00311303, essendo fluida: 133
030313 001 33001130 03 30000010 110000 30000013310310 001 1010
quello 030 31 dee (11133311310; 313 30 (11130110 313311 11 310·
30013031 303 01330 00101 00311301, adunque ci sono 03101
1101111, 1011001111 3 l' 1310333 acqua, 0110 303 sono continui.
0010113303 31 13330 continui 30 303 11003 1113030313010310.
10 31110 030131 111 311011110, 011031 sig. Columbo 303 non
0110 1 00001 31033 3113013111 3310130310 0011300111 0331113 con·
11300, 3103113 10030 0113011310 0110 1 001011 13 0011010 31 mc·
3031330, 33 0013 31 003113033ος 33 3003 011 basta 101101
1101111, 0010113 13030 10110 101100 13010330330111111111, 33 0003
13131 di 1000 113 00311303; 133113 131310 1033 0 131113 coa·
11111030, 0133 0110 31030 fluidi 0 1313013111, 0 di 000311 113 31-
10113310 sarsi 11 00311303, 3100100 31 0031033030101310 01111.
Μ3 1310 3333310, 01030 003 013001010 3011110113 0110011ὸο311,
113 00113 bisogno di 01013 -. 303 3003103110 ragione 3100111,
00113 quale 13 110331111Ιί13 congiunta 00113030013310313 anaia
3 00030010 3000333013130310 13 0031130113 31031011 13 quai
0331133113 33 31 13030313310313, 33 3113 10331311113, 30031311-
menie 00031, 000 300033113 303 0033003113.
(1301311) 10110, 101111 113 3113331113 ac.

0003110110 030030 00013 10013 00013, 3 0111010313 001
11303313 3 033110011 3003130311 0110 31111 0010330 1300 001
’ 0001300 0110 30110 03011 11011 acqua 303 313 0031130113, insc-
rendosi 013 1131 333 103131010 0113 00310 3113 divisione, 001011
100013100 0031 0133 31310 033000 130333 000 1 acqua da qnal-
31100113 31131133 1οο13; 3113 1003Ιο ragione si 1013 13003113
11 810301101031110, 0 dico: L'aria ha 3103311113111003131011
3113 divisione 0110 300 113 1 acqua, nondimeno 3 00103 coa·
11000, adunque 13 0303 0031310313 3113 1111131330 non argo·¹

130313 0110 1 acqua non 313 00103 00311300. 8000010331 13
131 discorso 100110 1311301ος 0 001103 c' 3000030 0001000 quain
0110113 11130033 d· 03301 0101313, 3311 1000110 0110 3 13 00113
modo 13 003003111030111031 31 11130013; 0010113 e' 3300030 0110
3011 acqua 0 30113113 313 1031310313 3113 divisione, 110110 113
301 31 3003; 0 30 30 0101100030 0133110310 030001031οε 0313
0103130310 0110 13 0031310313 0110 31 30310 ’3011 acqua, 1303100

 

