2⁸6 11111111

1 1111 11 11 11111 Ι11111Ι 111111111111111111111111111111111
11111111, 1111111 pii 11111111111111 (111 111 1’1 1111111111
11111111111111 1111111111, 111-111 111111111111111111111

1111111111, 11. 11 11111111111111111.111 111 ni 1111111 1111
1111, 1111 11 1111111111 11 1111111 i 1111111111 11 1111111111-
1111 11111111 11111111 111 piramide 11111. 1111111111111111
1111, 1111111 11111111111111 111 11 11 1111111111,11
1111111111 111 111111 11 11111 1111111111 11 1111111111·
1111111111, 111111. 11111111 811. Columbo 11-1111111 111
1111111111 11 1111111 11111111111111111111111111111, impuri
ii 11111111111111111 (11 11111 11111111111111 11111111111·1ιΙ
11111111111111111111 11 1111111111 111 1111111111111111111111
111111 1 1111111 11111111111111 11111111 ‹leion-mimia 111111
1111111111 1111111111 1111.

011111 111111 11111 111111 1111111111 11 sig. 1111111111,1
111111111111 111 11111 111111 111111 (11111111111111 iim
(1111111 111 111 11111 1111111 111111111111111 111111111111111·
111, 11, 111 1111111111 1111 111 11111, 111 1111111111111111 Η
11111 111111 1111111111 1111 11 1111111111111 opomerum!
1111111111 11111, si 1111 11 111 1111111111 mittini pm&
111 11111111111111111 111 1111111111111 intelligam 111
1111 111111111 111 detio imitato, 11111 1111 11111 abiit-i
provata 11 111111111, 1111 1111111111111111 1111111111 111 rin·
noscere 11 11111 111 11111111 1111111 scritto 1 1111111111

(1111. 128) (11111111111111111111111

11 111111· pur 1111111 111111 11111 1111118110111111111·
11111111 11 mento (11151111111111, 1111 1111111 111 wind
1111111111 11 1111111 811. 11111111 non 11111 11111111 sig. ia·
111111, 11 1111111111 111111 11 1111111 11111-11111111 im!
1111 1111111111, 111 solamente 1111111111111111 11111111·
111111 1111111111111111111 11111, quando 11111111111, u
vieno 11111 figura, ma 11111111111111111111 11111 11 iiiii·
1111111111, 1111111 1111111 1111111 non 11 111111111111111
in 11111, 11111 muta 11 1111111111 111111 11111111 i'uh
1111111111,1111 111111 1 111111 1111 11111111111,1 medeamin-
1111 1111111 1111111 1 11111, 1 111 11 11 1111111 mni 11
1111 111111 11111111111; 1111111111 11 1111111111 111111111 uim·

 

