1111 . 00000000

0010 000 000000 0000000010 001 000100 00000110 0001 00000010
10 00 10 00010, 11 0000011 000110 0100 000100010 11 sopra 00-
rebbo 10100 0 00010 0001010010 00110 010000 »mm 1001101000οι
010 00011000 00100001 10010 1001000010, 001000 01 1000101001,
sig. 1101000100, 00 001 1010011 1000101, 01001010000110000010
pungeto 11 sig. (1011100, 0100 000 10 00110 000101111οη 0010-
000000 000000 0001000 01110100, 1100010011 00 0110100001 00
00100110 10000 0000000ος 00 0100011100 01001100010000000-
100; 00 0100 10 01 010000 01 00001000 00010010,0100·0110 hurbe:
00 0110 01 11 10110 00000 001 01010 000 00 00000000010 ; 00
0110 000 0100001100οο0 0100 00011ος 00 01000011 10 10010 100·
0011011ος 01100 00110 000 1000100011ῑί 0000 01001000010010
111011001ος 0110000 0100 0011 001000οΜ10 01 ⁸8⁰ 0 110 0001
10110 quali 0111 0000010 110 00001 00100010 'un' 01100 00110
10 00001010 0 1000000000 11100010 10110000100100 0110000 1110
01001 0001 termini 000 0000000 01001011 buono. 000 qm
010010 0000000, 000100ου0 000111 00010001, mmmm 11111,
0010000100001111 1011010ος 00000000, 010 000 000010 anglici
ragloni per 10 000 00101000 00101 *por 0000 000 norm 001·
1000 0001 0110 0100 00000 0 0000000110 110110 10110· 11 000
discorso 000111011011 100000 1001001 0 00010 01100 10010010,
000 000010 egl! 001 00010011010 00010 0000000, e 001 000
pure 0000100011οο0οΜ 101 00110 00000110001 10 000010 00
0100 000111000, 0 considerare 0110 000011 00100001 01 pervortam)
0001, 0100110 00ος01001 000000 0000000010001010000 0000001
0 000000000010 000010 00010 00000ος0, 0100 000 1000110 001

‘ 10000 010 00000 1 0000111 01010001 010000000οο 000 0010 ni·

0101001110001000-0011’001000111110110000100 0001 pun 000
macchia, 000 000 11 000 000010ςο0 100 00110 00010, 000 ossi
stesso 0011000110. Ε quelle parole 0110 1000111010οω0 m·
giugnete 10 questo luogo, 0001000100 ,1010101110 1000101000 000·
1010 Democrito 00111100100000010, 000 0001110 0000000 tp·
plioatele 000 01 8101011100, 000 0 001 010000, 0110000011
01101 0100 001 0100 000 1010010 10000 01 1010101110, 01 01100
0000 101 000010, 11 ohe 000001 0110001010 000 001110 00000010
00100001 0100 01 100. 10000010 dunque 011’ 000110001000 0100
001 1010 0110 0001101001οω 0100 0010101110 000 0001000 nem·

 

