366 11111111

minore, 11111 moino 11111 apperire 1111111111 1111111111111
1111111111, 111 111111111111111 cosa 111111; perch& 1111111

111 esser 11 1111111111 (111 1111111 grandissima. poco 11 (11
1111111111 111 11 rodere (1111*11111ς 1111111 11 1111111111

(1111111111 1111 divisione, essendo (11111111111111 comparum

· di quella (11111 111111, (11111 11111 111111111111 Ι’ 1111111 choi·

in 111 1111111111111111 11111. 11111111 dunque, 811. colomba
come 1111111111 111, come pur 1111, 11 1111111111 (11111 pieta
(111 11111 111111 11111 111 11 11 1111111111 (1111111111, 1 111-
1111111 11 1111111111 1111111111 11111111111111 daila 11111,
111111 111111111111111111111 1111 1111111111, 1 quem 11111
111 11111111 quanto 111 11111111.
(111. 139) 1111111111 1111111111 (1111111111 1111111111.

Continua 11 811. 0111111111 (11 111111111111111111111111111,
11111111 (1’ 111111111 11 811. (111111111111111111111 1111111111
(11 111 i 11111 1111111, ed essendo 1111 1111 1 111111, impone
11 Sig. Galiieo 1111111111ῑὶ 11111 111111, 111 (1111111111111
11111111 che 1’ istesso 811. (11111111 111 11111111, 111111
1’ 11 111111111111 11 1111111111 (1111111111, 111 1111111111
(1’ 111111111111 11 811. (1111111 111 1111111 1111111111 1111111·
111111111111 11111 1111111111; essendo troppo inverisimile
111 1111 ο 11111, che non fusse stolio 1111111, 111 potesse 1111
1111111111. voi, 811. (11111111, 1111111111 11 811. (1111111 11 vir
11111111 1111111111 1111 divisione imponi 11111 1111111 (11-
111111 (11 11111 111111; quasi 1111 1111· [1111111 (11 11111111(
11 disputa 11111 1111111111 1111 1111111111 111 mosim·
1111111 111 1111111111 esser 1111111111, 1111111111111111
1111Ι 1111 vi 11111. Μ1, 811111 1111111111, 1111111111111, 1111
111 11 11111 (1111111111 11111 111111,11111111111111 smi-
111111; 1 [111 1111111 111 111 1111111111 1111111 11111· 11111.
basta 1111111111111111111 111111 dividere (11 11111 (1* 11111111·
111, 1 111 1111111111 111 vi 11111111 (111 concavo (11111 1111.
01111, 111 1111111111 1111111111 mani 11 prove 1 1111-
111111 1111111111 (111 811. 11111111, 11 quali si 1111111111111·
11111111 11111 (11111111111111111 atomi di terra, 1111 minima
1111111111 (11 11 1111111 1111111 [111111111111 11111, 111
minimo grano di piombo, 111 [11111 1 1111111111111111111

 

