101 0000000 0000000000

10010 00011 0011111 0 0101010000 1001010 00011 000000 0 100000, 01ιο 00000
indurat oomo 1000001 1110010 ohe 11 00100010 0 00000 000οί0110 dai
1001110,οω 0000100 11 froddo 00000010 virini di 0000000000, nn 0100
(000010 0000110 001 00100010 000 0001110010, 0 000 0001101101 00001, 000·
0100 1’ 00000 001 010100010001 000000 01100010, 0 1000001001 10 000110 01010
0110001010 000 000 000100000οὶ. Ma io 01 (1000000000, ohe 0000 000
01000 dol 0000000 (10110 00010 001 001000100011 So 01000000010-010 00
000111 0110 vi 01 100000 10 10000 0 (1100 0100 10 00000111 000 0000 ii
0000001000 0100 motatione. 111 010, 0100 0110 reguiam 000 motiano
10 molo, 100 0010 010111000 quivi 010000 000110011111000000, 00001001
insieme 000110 (10110 010000 molo, 00000 0100 vo 0’ 00101 (11 00000, 0
0000101000 00010 00010 00000000 000101 00010000ιο010110000110. ab
000 000000 0000101000101010100000 1101100000 000 histonii-ob
0110001 10 000000 100011, 000 010 00110. E· 0 000110 000 010001οω 000
01100000 (1011000000010 000 10010 10000, 00101011 1000001000 0010
o 10010 ohe 00010 1000 000 10000000 0001010000, 010001010ρα01οὼ
fi ii 10011110 001Ιί0000, 10 (000110 00100 0110 10000 100001110 00110
010000101ιο (11- mono 0 010110 0101000 00000 0100 01 01100011110000,
(000010000010 0100 000110 00011 0011111 01 (1010100000 00101000000 000
0000000001. 0010 000 (0000100001 101010 0000100010 00001000,
00000000001100000ος100001100010001000000000000000000110000,
1100010 01 0100000111ωο 10110 000 00 0001000010. 11110οω00010 0010 ndo
’01 0000110000 000 00100100 0001 (1000, 000 10000101101000,0 010100000οω
0100 000000, 0 voi (001001ιο0 (1110 0100 o’i 0010101000ἰο 0110 noui 00
rouo, 10010 0000 000001000. 00100000 000 00000 (10· 0001 000 000000 (11
noio 0000100000οι0, 000 10000 000 0001110010, 11 0100 000 10001000 000
voi. So (0101000010100100 00010 00000111, ma 11 000010001 00000000Ιο
i 0001000 0100 10 nolo 000000. 1010000001 0100 00001010 eho 11 mio
' 0101010 00000000 (11 00001000 1100100010110100 0000001010110.111000(10
100 virio (11 00000000 0 0010100000 0001 0000, 01000001100100000 000
100010 (11 0000111011000, (11101000 0 000100, boneio 000 1100100010 pom
00001000 11 00010001ος 11 0100 000 01 00000 (10 voi.

11 00100010 000 10010 000 000000 (11 molo 001 0010001001.οΝ
quondo 0000 0 0001001000 01100 00000 000 0001000000100010 (00000000
0 00000000 (11 molo, 01 potrebbe 00000 0100 000 1010 ampliatione odi·
1010001000 10000 (11000010 011( 10001000 0 010 00000 10 1000010 (1011·00·
(00ος 0000101 10 00000010100010 0010000010 0 1010οε ni 10 (1100 Archi·
000110 0110000οο10, 00010000 (1010110 modo alcano, 00000 10000010
00110 100100 00010010 000 0010010000 01 bolla 00101000. 1001001 10 000

10110010 000 0000οἰ00000 0 10 00011001000 01 000010 000 0000001000

 

