198 11111111

111111111111,111111111111111111. 11 11 1111111 11
11111 queste 1, perche 11 signer 6111111 dieo 111111 parti 11
111 1111 11111 11111111 11111111111111111111111 1111111111
11111111111 come 111111 111 1111 11111111 11111111 di 1111
111 1111 1 11111111111111 1111 quanto 11111 11 111111 intem
me vuele semplioemente 11111111111111111 1111111 1111111111
11111111111111111111. Quanto 111 11 11111111111 111
efficacia. non pure 111111111111111111111, 111 pie 1111111-
111111; 111111 11111111 1111 posse 11111111.1.,1111ο 11111
111 11111111, 11111111 11·11111111111111,11111ο 111 loro 111-
1111 11 111 11111 11111111111111111,11111111 1111111111·
mento del perimetro: e 11111111111111111111 1111111111-
11111, 1111 1111111111111 11111111111 111 11111111111111111
11111 11111111111111 divisium 111111 se 111111111111111·
11111 11 111 11111111 11111 111111111111111111111111111111·
1111111, elle 1111111111, 1111111111 ei 111111111111,111111

pie, 111111111111111111111111 1111111111, ouen 11111 hen
1111111111 111 11111111111, 11111111111111111111111111 111

le 1111111111111 111111 111111111111, melio 1111111111 11111

11111 111 1111111111, e 111111111111 1111111111111111111
(111 1111111111 11111 1 meamea. (111111, dico, ὁ felem 111111
11111111 1111111111 1111111111 11111111 111111 quadrandi
dieei 1111 per 1111, 11 111 1111111111111111 11111 dita 111111
111, queste 111111 1111 1111111111111111111111, 1111111111
quanto 11 peso, 11111111111 1111111 11111111111111111111
111111111111 della 11111, avendo 111111 degente (1111111111
1111111111, 1111111 111111111111111111. E 11111111111111111
(ohe 1 11 mente (111 811. (1111111), 11111111111111 11111111
1111111111 1 11111111 111,111111111111 1111111111), me 1111111
11111 111111111111111111111, 1111111111 11111111 in questo 111·
11111111 111 1111111111111111 1111111111 111111 11 1111111111
ei (11111111 11111111 11111111 piane 11111111111, 1 11 1111111
1 Ι1 111111111.

Quarto, 11 111 avere 111 111111 11111111111111111111
11111111111111111111111 che 111 11111111 cosa 11111 11111
111111111111111,1111 pure 11 111 11111 eapite 11111 di
11111 11 1111111111(1111111111111111111111 de! sig. (1111111 111

 

