11111111 11111111 1111111111. 11

11111, poich& 11 1111111111 111111111111 111111, 1111111111·
111 111111111111111,1 1111111 111 1111 11 1111111 11111 1
1111111, 1111 11 111111111111111111111111 11 11111.
1111111111 1111, cho 11 111 11111111111111 1111 11
111111111111 111111111, 111111111111111111 1111111111 11111
11111 1111111 1111111, 11111111111 1111111111, 111 11111 11
111 1111111111111111, 1 grandissimo. 11111111111111
11111111 11111111,11111 111111111111111 111111 11111, 11
11111 111111111 11111111 111 111 1111111 1111111111-
111111, 1111 11 1111111111111 11111111 111111111111, 1 111111
volte 1111 1111111 1111 1 impeto dello scandere 1111 om: 11111·
111 111 111111 111111111 111111111 11111 1111111111Ι 11 11111,
111111111111 11111 1111111 111 11111 111111 0 111 11111
11111, 1111111, postu 111 11111 1111111111, vi resti 11111
111111111011111 111111 111 111111111 divisione 1 impo-
1111111111 11 grandissimo 11111111111111,11111 1111111
1111 11111111 1 111111 11 1111111111 divisione 1111111111111·
1111111111111111, 11111111111111 uppem 11111 111 111
11111 111111 111111 1111 impeto 1111111 111 1111111111111111·
111 1111111111 ohe quello, 1111 111111111 11 111111111111111
1 1111111111 1111111111111111, 1111111 1111, 11111 quale
1111111111111111111111 111111111 11 11111111 1111111νί dole
111111, mentre posto 11111111, 1 11111111 11 11111111, 111·
111111111111111111111111111 impedimento vernum 111 11111
111111 11111 111111 111 11111111111111,1111111111 1 11
111111 11111111 111111 1111111111 1111 1 1111111 1 1111111111
111111 1111111 1111 111111 111 111 11111 1111 1111111 111111·
111 11111111 1111 11111111 111111111111 11111, 1111111-
111111 11111111111 11111 1 11 1111111111111, 11111 1111111

11111111,111111111111 11111111 1111111111 11111111 111111 11 1

11 111.

38111 1111111 1111111111 11 11111 11 1111111111 1111111111
111111 11111 1111, 111111 1111 vi 11, 11 senza alcun duh·
1111111111 11 1111111111 maggior di quella 1111 acqua,

1111111111111 1111 111 111 1111111111, 111111111111 111· ,

111, 11 1111111111111111111111, 11 11111, 11 quel 1111, per
11111111 accidente, 11111 111111 111 1111111111, si 11111 11111

 

