111111 01010011

100110, 0110 1 di 11011010 con 1000101110 11 810. Galileo. 00010
0110 0011 si 10000 0111110010 0 0000, 0110 01010010 0 101 0010
1000001111101000 10110 000010 10 100110 000 11000111 11100110-
010 contracambium il vostro 0110110 000110110, ed insieme
10111 conoscere 0110 10 0010, 0110 10 000010 1000010100181-
0001 Gallico, dicendogli: 11 01111 1011011111001110 1110111110-
100001 01 00111000 0 101, 0110 01 0100100001010011010 000110
0110 dire 111001101011 primo 0110010 11 10111 011011110 111
0000 0110 11 01000011 010110 00010, 0101 0110 000 solamente
1181011011100, 00000000 0110 intende 1 primi 0 0011 101-
10101 (li geometria, da 000 111 000010 101110 0110 0111110,1.01.,
00 braccio di perimetro, 00 100110110οα 00110, 0110 010 0 10-
0110 11000010011010 10011,11 10110 0 11 000110 00,, 10 00010
00110 0111110 11 100 0011010110 1000οἰ010 (101 00111001101101 10110
1100 10110, 0001110, 111001, ed 10 somma quante 10110 0100011
evol: 0 001 101 stesso 01010 0 101 0101001010 00000001010
000010 110 101 0000111000 losse lontano 10100110 101011100010.
L'eltro 01011000010110111,10 controocnnrbio 110110110111010010
0110 dete 01 mio monstro, che 0000110101010 00110 100110 00010
11000111010 00010110 00110 delle 0010010 000 101000110 101, 011
10 00111001010 di 000010 10010 0010001000 0000101110, 000 11
00010011010 ad alterare o 01111010 di 100110 100100110010 000
001010 111 000110 0110 1101110 scritto, 0010111 1101011011110001-
010 000110 0110 01010 1011010 101011001111 10010 10110001010-
00010100110 1110001001 0101, 0110 dove 0001011110 solamente 01
’ certam. 011010 (0 000010001011110 10 0111 010010 001 101) 10-
cendone 1010100010, 00010000 0010101001010 1000110 00101
00 000010 0 00, 1010100 voluto 0011010 001 010011011ου0 10-
tendente, 11 110 1101101010 1101 10110100010111 101 cognitione.
Quinto, 101 00001000010011010 1001010010 000 consiste
0010010010 001 100110, 0110 si 1100 1010 001100110001010010,100
000010 00110 parti 1101100000 0011000110 0110 010110 della
10111ος 11 0110 11 01 0000011011 1101 Sigrion Gallico, 100 questo
000 1 11’ 01110 0100000110 00000 10011οι 0110000011 10 1100
1011010110111 1100 pezzi di 10110 000011, 0 11110110 0110010110-
sima 001110110110, 000110 0110 insse 0111 10000 0 0110110 11010-
1011110 10010 100001010 resistente 11011111100111 10100, 00011011

 

