11111111 1111111 1111111111111. ’ 31

11111111 1111111 1111111111 1111111111, [11111111 111

1111111 giorno 1111 molto 1111-11111111111111111111111111·
111111 111 mano 1111 111111 1111111111111111 11 quella 1111
11 questa: 11111111 111 111111111111111111111111, 11 quale
111 1111111 mono 1111 1111111111111111111111111111’1111;
1111 (1111111 1111 11111131111111111111111111 ascendere 111
11111111 1111111111, 11111 1 1111 11111111111111111 11111111
111 111111 1111111111 11 moto, 1111111111111111111,1111111
sormontando 11111111111 111 1111111, giunta 11111 1111111
regmae. 111111 1311111111, 1 1111111111111111111 11 111·
11111111 11111111111111111111111 1111111, 1111 111111 11
1111111 1111111111 11111111 1111111111111111111-111111111,
111 11 potr& (11111111111111111111111 ignee 1111 11111111111
1111111111 111 111111 1111111 11 1’ aria: 11 quale aria 11
11111111 111111111111111111111111111111111 111 111111,
111111111111111 11111111 1’ aria: adunque 111 1111111111 11
11111111, 1111 11 1111111111 1111111111 11111 11111111111111
ascendant> 111 111111 1111 111 1’ 1111. e 111111 1111111111
1111111111 111111 1111111111111111111111 mezzo ambiente, 1
111 111 1111111111 intrinseco, 1111 111 11 1111 111 1111111 11
111111, 11 quale 1111111 111 11111 111111 gravi.

11111111, 1111 per 1111111 11111111111 produce 11 Signor
Buonamioo, (11 111111111111111111111111 0 no all'agevole 1
1111111111 divisione 111 1111111 11 dominio degli 111111111;
11111111,1111111111 prima 11111,111 1111111111 11 modo
· 111111 aver 111111 (11 11111, 111111111111 11111 11111111
fluidi, 11111 11111, 111111 111111 umidi, sia 1111111111 111111
1111 1111111111, 111 11111 (111111 11111111 111111111111111
pemati, 11111 11 sotto 1111111111ς 11 1111111 11111111111111
1111 1111111111 111 111 111111 111111111111, 1111111 1111 111111
1111. Quanto 11111111 purte, dioo 11111111111111111111111
11’ 11111111 11 1111111111 degli 1111111111, quanto 11111111 o 11
1111111111 111 1111111111 111111111 11 mezzo, 1111111 11 1111
111111111111111111 1111111111 11 111111111111 gravi ο
11ς1111111 [11111111 111 dire. 11111 legno 1111111111 111
v« 1111111 1111111111111111111111111,111111111 (1111
11111111 1111 grave (1111111111ς 1111 11111 1111111111·

 

