318 1111001111

, 1010101100 Ιεηῑ1110010,01010101010110111011 00111 1110-
10111 1’ 011110 0 001 ia 11111 11 01011110, 010 01110001110001
formano 10111111001101 mai? Non 101010 101 0110 1 101101
tutto ii moto 1 questi dividenti, 01· 100111 0110110 prima 10·
11010111, 01011011 assolutamente 1111110101016101 01 nino·
011, come 1100 11 810. 1111100, 11001111001101011101011 01
11110111001110011 11110110 1100110110 10111101 01 11001 (11-
111010, 0 0110 011 1110 1011110011111000111010010000101111
111010111. 1010100111011 11111011 1 101 810001 11111100 011
101, 1100110 10 10 101011 1110011110 101 0010111 1001011 0110
101 1* 110110 benissimo oonosointa, 1111 11110 1100110 10011
nitri quanto 0110 0111110111011111101, 111 001 111011-
111110 11010 maggiornreate 11 1011010110111100111 (11 noar
101 11 11011010 1 10111010, 0011110111000111111111011 nn·
11010, 101 00 011 0010110 1110111010110101100110111 otri-o
11 questa considerazione 00001001010, 010 11 810. 11111100 in·
10110000 10111 10111 1011010011, 100 11101110 1 0111000110,0
11101110 001110 1111 001 (101111101011101111, 1010 1 1110
11110011 11101011 0110111 110011 1010011111. 1111100110111
bene veramente 000110111111 10 01111 11110Ι 01000010)οὴ
10 101 001 1011010111 10111011101101010110110101111 010 101
11 11001 1000111011 101111011011,010111 non si trevario.
0110 10 nappin, 11 00100 0010010, 11 110010 101 0111 aren
010 1110 0111 questo 0110 11110 proposito· 11 mni, 00110
01 110110,111111 0101001 111 8101111100 001110 necessaria
agii 111010111 0011110110 (11010011011010111 1010 001110
ne: ma se per 10010101111011101’101011011 una 0110 1 qoni-
0110 10111 1001011 (01111100101110111 1 1010110101000001111
11 01000111011 011 10111 001100010 010 1’ 111100111 10111101
101111 (1100 11 1011111, 0 000 1100 11 maora tentamenta) 00011
l' acqua 001 11 1011010111 1111 111111000. Che 001 questa 00011
contrariare aiia 10111101 101 1110001 11111100, 0 0110 0111 toi·
00 1011010 11 1010011110 10101111101110. 10010 101111
010 011 011110 1010, 0010111 111011111110181010111111110
1100011 1011101001 101 010010 10111101111011011 annotata·

110110, 0 0011 (11101110011111011110, 000 0000110 1100101111
11 1010011110.

 

