112 ⁸ 11111111 1111111111

1111111 11111 111111 11111111111111111111 1111 111 1111111111
1111111111 11111 11111 1 1111111111 1111111111, 111111 11 1111111111
11 11111111 1111111111 11 11111 11111 1111 111 1111111111111111, 111 d*
1111 11111111 111 111 111111 1111111 1111111 11 1111111111 1111 111
1111111, 111 mon 1111111110111 11 maggior 11111111, 11 11111 m
111 1111111111 gnum. 1111111 1111111 111, 1 11 1111111 n‘n 1111
1111111111111111 vi 1111111111 1111111 11111111111111111111
111, 11111 111111 11 111 11111 111 11111111 1111111111 111 11 11111111
111111111111111, 11 ogni 11111 non 1111111111111111111111111111
voro adunque, 1111 1111Ι 1111111111, 1111 111111 11 mion- 11111111
11111111 1111111111 11111 1111111111, 1111111111 111 11111.

11111111 1111111 1111 1111111111 1111111111 11111111111111111 111·
111 Damnum 1 1111 1 1111 1111 11 distintione 11111111 111 1111 111
11 luogo 111111 11 111, 111 ni 111111 111 di miz 11111 111 11111 11111
distintione 1111111 11111 111111 111111 1111111111111111 1111111
11111 11111111 11111 1111111111111111 111 11111111 111111 11 11111
queso 111111 111111111111111 111 1111111111 11111 11111111 1 1111-
111111 111 mom. .

1111111111 111 11111111 1 11111 11111, 1111 1111 unito 111 11111·
1111111111, 1111 11111111 noio, 11111111111 111111111111111ϋ
1111 111 1111111111 1111111 111111 111111, 111 111111 111 11111 infl-
111111 111111 111 111 11111111 1111111111 1 11111 11111111 111 11 nb
11111111. 1111111,11111111111111 1111 111111111111111111 M,
1111 11111 111 11111 1 111 11 11111 111111111 ni nogioni nmini 11·
geroni„ 11 11 11111111, 1111 111 11111 11111, 111 11 11111 111111111 ab
1111111111 1111111 111111, 111111111111 11 1111111111τί M

· 11111. 1111111 111 11 111 111 1111111111 111 111 11111 1111111111

1111111111111111111111 1111111111111111111,11111 111111 111
111 111111 111 11 111 maggior 11111111 11 11111111 111 olio, 11 111
1 mon 111111 11111111. Nono 111111111111111111111 vivo 11111 pfl
11111 n 1111 11111 1111111 1111111111111111111111111111,11111111ι11
11111 pini di 1111 11 gran 11111111111111 1111111111 dion 1111 11111111
1111 1 1 1111111111 11111, 1 11 ogni 11111 1111 11111. ,1111111 ιι
i necessario 1111 dove 1 pin 111111, quivi 111 maggior 11111111, μῶ
vi 111 11111 11111 pin 11111 1 1111 11 portione 11111 11111, 111
11111111 11111111 11111 111111111111 1 111 si 11111111, 11111111
111 111111 111. 111111 oo anohn 11111 111111111111111, 111111111111
1111111111, 11111 11111111 1111ς11111111111111 1111111111, 1111 voi 11·
1111111, 1111111111 111 1111111, 1111111111 11 1111111 1111, 1111
11111111111,111111111111,111111111 11111 111 11111111111

 

