11111 11111111

1· 1111 potrebbe penetrare: 11111111 11 11111111 11111 11111111
11111 11111 1111111111 penetratum 1 111111 111111 1 1111111
11111 ohe 1111111 111 bestente 1 111111111111; 1 1111111111
11111111 1111111111 1111111111 11111 111111, 1 1111111

, 1111111111 11 1111111111111111111111111111111 111 11111

111111- 1111111 111 discorso 11 111111, 1111111 111111 11111111-
1111 quelle (11111111 11111, 11111111111111111111111 11111111,
1111111 che 11 1111111111 111-1ο 11111111 1111111 1111111
11111 11111111, 1111 111 111111 alterata 11 1111111111 11
111111 11111111 111 111111111, 11111111, 111111, 1111111 1111
1111111111 111 refrigeraret e conservarsi 111111 11111 1111111·
1111,11 petendo resistere · interamenta 11 1111111111 111111
‘aereo e 11111111 1111111111 1111 11111 suumomni 1 11111·
1111111, 1111111 11111 11111111111111111, 1111111 11 clete
111111 1111 quali 11111 11111111 111 1111111111111, 111 11111-
1111111 1’111111111111111 11 mollitudine 1111111111 11111
· 11111, 1111111111111111111111111 11111111 1111111111.
1111111111111111111 11 1111111111 1111111111111 11111 111111
simile 11111111 e 1111111111. 11 1111111111 11111111 11111·
111111, 11111 11 11111 11111, vedere di ermentei 11111111 111
111111111111111 1111111, 11111111 tomaene 11111 11111·
11111111 1 111111 11 tenebre, 11111111111111111 1111111111
fastidio 1111111111 quelche 111111 11 1111.Ι 11111111 111 11111
11 vestro col 1111111111 e 11111 1111111, simile 1 1111111111
nostri 1111111111 1111111111 gozzi3 1111111111 111111 11111
mezzo il 11111, 11111111 11111111111111 11 termine 11111 1111
111111 1’11(111; 111111 111 111 vaso sopra alcuni 11111111 11-
1111, 11 1111111111 che come 11111111 11111 1111111111 111 11·
111, 111111 11111111 1 1111111111 (111111111111 11111111
ohe ena 11111 111 vedere tal 111111, come 111111111111111·
111111 1111111111111111 Ι’ 1111111111 scritta 111811. (1111111
1111111111 1111111 1111111111 dagli 11111111111111111111111
111111, 1111111111, 111111 11111 esser 11111111, 111111
luogo a quella 111111111111 che introducete): volendo 11111
dere 11111111111111 ohe 111111 11111111111111111111,111111
111 1111111111111111111, 11111111 che secondo 111111 11111
11 1111111 11111 1111111111111 111111111111111111111·

 

