111111111111111 1 111111111111. 17

111 111 e 111 ene qunlsiveglie gran 11111, 1111 11111111
1111’11111111111111,1ο1 1111111111 111111 11 1111111111
11111111 11111, 1 11111 vero 1111 1111111111 1111 1111111111
11 111111111111111111 1111111111 1111111111 11111111 11-

1111111111 11111 modo 1111111111, 1111111111 che 11111
mole 1111111111111111 11111 11111111 1111111 immobile, 11
11111111111111 Anni 111111 1111,1111111111 111 11 1111-
11111111 1 111 interna 11111111111111 (11111 1111111111111111
1 degli 11111 11111, 11111 1111111111111 11 11111111111 11111
11111111 1111111111111 non solamente 111 11111111 1111
’1111111 1111111111 n 11 111· a 111111 1111111111
11 1111111111, 111111 11111 111 111111111- 1111111111, 111 simne
1111111 ebe provinno 111 1111111111 111111 111 111 gran
11111 11 persone, dove 111111111 11111111111,1 111 111111-
1111111111111111111 dividere, non 11 dividendo 11111111
111111 111111111111111111111, 111 solamente 111 1111111
111111111111 11 1111111 111 1111111 111 enemente: 1 1111
1111111111 1111111111111 ’1111111111 legno 11 11 monte 11
11111, 1111111111 11111 111111 1111111111 11 1111111 1 negans,
111 solamente 1 11111111 1111111111. [1111111111 11111111
,11 1111111111 11 111111111111111, 111 111 11111 11 111 11111
1111111 11111111, 1111 111 1111111111 11 111111111, 1’ 11111
11111111111111 11 11111111 11111111 111 11111111 soln-
111111,1’111111 11 bisogno 11 dividere, 111 111111111 sn·
11111111111111 111 111 111 11111111 11 1111111 1Ιί 11111
11111 1111111111 1111111 11 11111 11111111 0 contigue 1111-
111111; sento ben 1111111111 1111111111 1111 1111111111111
(111111 111111 11111111 11111 11111111 11 111111111,1111
11111111111111 1111111111 degli 11111111), 1 1111 11’ in·
1111 1111111 gran 1111111111 111 11 111111 11111 111111111
1111111111, e 11111111 11111 1111111111 11111 111111 11111111
1111111111111111111111 111111 ; 1111111 11, 1111111111, 11 11-
’ 111111 1111 mesen 11111111 0 11111 metallo froddo edum, sen·
1111 111 1111111111 11 111 11111 111 1111 11 1111111111, che si
111111111111 1111111111 1111111111, ma un'allrn 11111111111111-
mente 1111111111, 1111111111 11 111111 111111, 1111111111111

111, 1111 11 tiene 111111111; 1111111111111111111111111111
11111111 11111111. - ’1. 111. 8

 

