11 1111111111111 1111111. 111

[1111111111111111111111 mole 3111111111, 111 111111 11 111111. 11
1111111111 1113111 1111111111, 11111111 1 1111111111, 1111111111 111111
11111111111 31111331111 1111111111. 11111111111111111111 11111-
1111111111331111, 1 111111111131111111111 11 1111 pii 31111. Non
1111111111111 311 11111111 1131111111 oo 1111111111, 111111111111
111111131111111 111111 111 quoi oorpo 1111111 1111 1111111 11111111-
1111111111, 1 1111111111 1111111111 11111 11111111 111111131111.
111111111111 1111111111 poro io pii 1· 1131111111, 1111 chonon 1111-
plinio· 111111 1111111111111111111 di 111111 11111111111111111111111111
113311111113111111 1111331111 111 1111111, 111111 1111111111 1111111111-
111111111 1111111111. Coo· 111 ionio 111111111111111111 vostro, quanio
por 11 11111111311111111 1 111111, venundo io compositione, 11111
11111111111111111 31111111 11 1133111111 11· 111ρί, 11111111 11111
1111111111 111111 11111 molo, come 111111 1111111111111 111111 11
, ommino 111 113111 pion (1·111111 11111 111111 pioni (1·1111. 11111
11111 11111311 1111111111, 11 111111111111111111 11111 11 voi, 1 111 11
1111 31111 111111 1111111111, 1111111111 111111111111111 11111
1111111111111 (11 111.

8111111, 513. 11111111, oo 1111111111 111111111111 31111111 311
11331111, 111311111111111111 31111331111111111 1’ 1111 3111111111
11111111, 11111 11111111111111 11111, perolio non 311113311,1111111
1111111. Lo 1131111 porcio 311113311111111111111111111111 11·
31111111 1133111111,11 11111 1111113111111111 311113311311111111
pii 11331111111111111, 11111111111111, 1111 1’ 1111 3111111111 311 11111
pini 1133111 (11111 1111, como 111111111, (11111111 1111111111 3111331111.
1111111111 1111 1111111 1111111111 cho ii 31111111 111 1111133111
1111111111 1111111111 1111111111. 01111111 111111111 ionio, mi .
111111111111 111, quoodo 1 3111111111, 1 11 31111111 1111111111 1111
311111 11111111, [111111111111 di 111111 11111 11111111111, ohe
11111111 11131111111111111113111 11111 pori! 1111111 311111 111 31111-
1111111111111, 11 ogni modo 111 111111111111111111111111131111
eicio, 1 ooo 111 11111111 abbiano 1111111111 1133111 1131111111111
31111. 1111111 11 111 3111111111 1111111111 3111111111 111111ρί1113-
31111. 011111111 1111111 11111 1111111111, 11111111111111 poooiroe
1111 111111111111111111 11111 1111111111, 1 1111 non vi sinodo
1111111111 111111 11111111 111111111131111111111, 11111111 3111111
oio 111111, 11 111 111 111111 1· 11111 11131111111,11111111111111.

1.’ 1131111111 odonqoo 11 1111111 11111111 voi 1111. 11 31111111
1111111111 11111111111111111 pii 11331111, 11111111 10191 vem, si
1111 111111 3111111111 1111111111 3111133111,1111111113111111111

 

