118 ’ 3333333 31 3333333 33333333

333 333313, 3 33331113 pur dovere 11 333313333 333313 33311133313333133
333 333 331311313313ς 313311333333 vedere 33133333 333133131ρί1 133·
31333 di 33331 33313 (133333 ridolto 13113333 raccolta 33113333 31 fondo.
11 che non 31 mostra 333331 1333331331. 81313 essendo in 333313
33313 1311313333 3333311313 333111 331 8136311131, 331113 31313 13
melo della 33131333, 3 3333 1113 credero 313311 3133113 3333333 33113
33313 opposta (13113 figura 31131333, 3331331313 3331313313 333 1333311333.
Quanto 31 33333313 3333 di 333313 113333 (1131333, 13113 1111331313
3 (1111133111 1133133313 1311131133 333113333313333 (1311333133113 1131333,
313 essendo pin 33333 (131133113313 33333, 333 13113 cio 3311333133 Α
333313 31333313 11 813. 11311133, 3 dieo duo 3333; 333 1 313 1 13 pn'n-
313313 3 pin importante ), 313 333313 3331333 3331313313133313 333 33313
di 33311133313311133., 33333 13113 3113333133 33331311333313 331 333
’ Ττ311ιιος 13 soconda 1, 313 volendo egli render 13 ragione 333 13
33313 si 3333333 333111 3331331ιί, dico, che 333313 3331333 333 333
13333 3113311133 3 3313311133 (13113313, 13 313111 313113 33313 1’ 3313 33-
31133313 3 33311333133113 13 33311333 3113113 333 vadio 31 fondo. L'ln·
cognito, (11333313 duo 3333 133313 313313331313, 3333 3113133333 mni
13 333111 333313 (133333, 3131, come 3333331331333111333133111 13331-
33113 333333 oi 33313, 3 3133333, 33331313 31311 oi ossi 13113 almo
133133333 333313 1 13 333 3333111, 333 no pno 1333 31333 3113333113
11 pin 13331333 333 3133113111 33333, 3 333 333313 333 3331333133 nin
311, 3 nonni profonda. =
Come 131133, 33 31 guarda 1333, 333313 333111 333 1 33ιί di· ·
3133113 31311 1331333113, 333 131333 333 33331’133311133 333133 31 33·
cond03 3131 3333133 cho 13 3331333 dol 33333331 333111 33313311 333
3133 (13 31311 3313311133 (13113313, ma dnlln 3133111 1131131333 33,
3333313313 nol 333 11133 3 133 11, 333. 32 033, 31133 io, questo non
13 3 proposito. 1133311331 311 333133111 333 3331 3331333 vogliono 3331,
333 313 31 33331133, 3 3333333331 31333 3331333 313 Ι’ 333133113 31113
313313 33333 Ι3331 3113 333 3333113, 3 333 33 notendo 31333 pin, non
33333 3333 nudor 3111313333. Conlro 3 333313, 31333113333313333 3131
13113, (13333113 33333133 1133333113, 3 3133313333 come quelli arginem
oon 333 33333 (11 333313, 3 33133 1333313311 313, 1’ 333133113 31 33333
13 3331 3331133 311 3311133313 333313, 3 13 333 grande 3333313 333133
3113333333313, 3131 333133 3113 3331333 333333313 del 33333331 311 ane
3131. Cho 13133313 3 333 313 333313 333 313 13 3333 3331333 oi 333·
3333111 Basta 313 31 33331133, 3 313 (13 333313 procedo che 13 1333·
· 13113 non 31 profondn3 3 3 33133 monstrare 11 333133313, 3333 3111113311
3 montarcene la 1133313113 3333· essi 31 33333 nd 3331 modo, 11 cho

 

