92 33333333 13333113 3 3333331331.
3113 saeclum 3133311113 gli (11311, 3113813311 11311 enervari, 33·

’ (13111 3131133133 3311313 (11313333 333333 13 3331133111 (131-

Ι’ acqua 3 331333333381 333 parte (11 131, 3 parte 1313, 3113 31·
1331131313 acqua, 13 3313 [1333331133333131111131313 3 pe pure
33113338183383 331 (13111333 che 131 33111333331333133113333
per impotem (11 (11311133 133333, 13 13333311 3 (113311 31131
13 spinga 33113 33333, 3 3311333113 331, 33383 311’3’1’ 3111113 111
sua 11113311, (1131(1331’3333333333(133(13,333 333 promanente
311’3’ 31 1113113333 13313 (113333133133 31 3113 11 (1133333813 131
331113 333313 33113313, 33 giumo 31133333 33333 (11 mno-
33331, 3 33311 1’ aequa 3111 (1111131133313 31113113, 333 33333113
3133133 3333111 13 31113333133311 3133333311 33 legno 3 un pem
di 3333, 11 qm dal 133313 1131133333 81 313333 3333313333
(1131113 13 833 1381313333, 3113 331 33313313 311’ 3313. 31 133333 ’
333333 13 1313333; unde io 33131) 333 31133113313 ragione (1133
3113 133333 3111 3333313313 31 (1131113 3113 13313.

13 333 voglio 13 questo proposito 333133 (1333331133 11331·
13313113313 (11 questi pure, 3113 3113113133333 13 333133 (131·
1.’ andare 3 333 andare 31 133113 3113 313333 maggior 33-
31313333 (13113 333381313 1131133333 31138333 (1131311, 3333331331
(1311 33331313 (1’ 33 novo, 11 quale 3311 acqua (13133 33 31 fondo
313 3311333133 3311333313, 3 adducendo 3333333133 di 3111 13
poca 3331313333 (1311·33333 (13133 31138333 (113133, 3 13 33113
(1311 acqua 83133. Ma, s’ io 333 3333, (13113 813883 3833313333 31
3311 333 3333 (13(13333 333113 13113 1’ opposito, 31311 3113133333
(13133 313 pm crassae 13 33133 1111113333 3 3311113, 3131311133
3333 (131 fondo (1311333113 33133 333111333313 38333113 31 sommo
edivide 13 3333331313333, 11 3113 333 3133311 1333 33113 113133,
331 331 13313 33313 senza poter 3311333331 ad 3113. 1813111
333331133333133333 113131 3311131313 ma 3111 3311333313 filo»
3313313 313333333311 per cagioni di 13113131113113333331313113
3333111 1133311111 3 (1333331, (11311 3113 13333 33 31 fondo

3311 acqua dolce 33331111 3111 grave di 131, 3 31333 3 33113
33113 33133 33331113 333 grave di quella, 3 senza 13131133
313333 33113 3311333313 3131111131 13 333 conclusioni.

Cessa dunque 1313133313 13 ragione, 3113 1313131113 ως·
313333 331 13313, dicendo: 13 3333 dunque 3113 113333 3333

 

