1 1010000 1101101111. 1117

0110010 01 10100 0 001100010. 1011000 01 10111000011010010
11110001000010 intorno 01 0011100110 10110 10110, 1010 01 10-
110000 011 0101011001111 descendenti 1011001101101 0000111010
11001000000. (1110001 questi 010101 aquei 00001 1000000,
1001101010 100000 01 1000001010 1010110 buna 0 001111, 10
0000 01 001011 (come ben 0010 0000 V. S.) 01001111 10
0001110 ο 0100110110 0110 0111110οο 10 00111 1011000001111010
00110, ο 01101100111 10110 10110 0110 continete 000 1001110
1011 aequa, 0 0110101001010110110 011010110,0110 001 00 0000
1011010 0111000110 0110 011 10 1 acque 0110001000, perche 011
0100101000110 0110000110 011οο1001 quistione, 001 10 00010

10100001010110 1011100111 questo, 0110110000111000 10110 =

10110 11 01001110 10 0011* neque 10010 11000, 0110 0001100 10010
00000 0110 0000 quanto 10 10110, 00110010 0110 000 00111·
10001010.Μο 000010 10 1010101 0001010110 11011010 11 010-
1110001 0010 0110000 0110 1011 010100111 11 0011000000, 00100
0000 10010 000 1000111010 00010110 11 0001000000 eminenti
00001010 1’ nequa in 10010 1100111000 11 01010, 01 000010110
1010111101ωο 1· 00000 01010010 quanto 110 00110 1’ 00 00110110
001 11 010010000οο 00010 101000111 1010100001ος 000010, 1100,
101010111 11 1011 0110111 010000011001001, 10100001010000 11-
00110101 000110111011 di conservarsi 0 di 01110 00110 0010
100010010, 01 0000 0 0101101110 0110 abbia 100110 001 10000,
0010111000 01000000 010011001011001110011 10110 1700000110,
0110 1011101ῑο 0 1100111 001110 11 111010 0 11 10 0000 00110,
0 011 010110 00 0111111011οὶ 10 0001000, 0000 ho 10110, 01100-
biente, e di 011 0100010110 10110 001110010 minime 1011000111,
10 00011, 0000 000010 0 10111 01101111 0010101001 1000000,
101111000 01 10001011101100001111 01 001110101 10 0110000 0
questi 01101001111 101010111 000110, 1100010 0110100011 101-
101 0 00000101 0011001000 1011010010 0110 111101000, 0010 10
000100000ιο 000 101 1001010010 1001000 0 00101 esser 0001000
11 1101010 11 moto 0110 10110 1010110 001 0010111010 0100-
1111100 1111010010 111100001010101010010010 100 00101 0110
1110000οο, 0 100101 essi mutando tncenmenti: 0000 10, 001
0100010, 10 0110000100111 100 0011011110100 11010 11 00100110
1000011111, 1010110 101101010111010 00110 01 1000101οἱ 1000101·

 

