111111111111111 1 111111111111. 111

vele 111-11111 11111, 1 peneto 1111111111 1’ 111111 1111, 1111
1111 11 1111111111 111111 1111 grave 11111· aequa, 1 11 questo
1111 11111111111111, voi 11111 111111 01111111111111111.·

011, 1111111111 1111111111 11 1111111111 1111 1111111111
11 quoi 1111111111111111111111 1111 gravi (11111111111
111111111111111111 11 fondo, 111111 11111111111111111111111
1110111111111111 11111111, 111 1111111111 (limosa-ativa-
111111 1111111111 quei 111111111111111111111111111111111111-
tomo 1 111111 101111, investigando 11111 11111111111 1111111111
1111111111 1111111111 1111111111 11111111 111 11 1111111 1111-
·1·111111,111111111 11111111 (11111111 contigua 1111111111
1 11111.

8111111111,111111111111111111111, 11 vaso DFNE (1111. 1.
1119. 9), 111 quale 111 1111111111 111111, 1 1111111 11111111 1
1111111111, 11111 1111111111 11111 1111111111 111 11 11111 10, 08,
1 111 11 11111111 pi& 111111111111111, 111111 1111111111111
11111111 1 11111111 1111111 1111111111 1111 acqua, 1111111111
gli arginem 11, 110, 11 quali 11111 111111 1111111111 1111111 1111
11111 possano, 11 modo 111111 11 111111118111111111111111-
1111 111111111111111 minimo 111111, 111 1111111111 111 111
1111111111111, mn 1111111111 1·’ 1111 ’11011 11 (110111111111 11·
111 11 1111111111 10, 1 sommorgessero 11 11111111. E dunque
1111111111, BC 11 11111111 1111111111 1111 1111111111 111
1111111111 11111* acqua. 01111 11111111 (11 1111111111111111-
11111111111111111 1111111111 11111111 111111 111111111111111,
111 potremo agovolmenle 11111111 (1111111111 11111111111111
11 possano 1111 11 111111 lamine, 11111 11 1111113111 111 1111111
1111111111 11 11 materia (11111 111111181111,1.ςτ., 11 dop-
pio 1111 111111111111111, 111 1111111111 111 materia 11111
11111 11111111 1111111111 111111111 Al: 11 ohe 1111111111·’
remo 1111. 811 11 1111111 18 (11 111111111111111111111111111-
1· aequm 111 0 prisma 1 1111111111111,11111111 abbia 11
11111111011111111, superiore 1 inferiore, simili 1111111111 1
1 11111111 1111111111 111111111111111, 1 11111 111 1111111111

10 111111 111* 1111111 1111111111 degli argini den' 11111ς (1111
1111 posto 11 11111111111 111111111111111111111111111111
1’ auem 11 1111111111111111 10, 1111 11 mole (11111111 ABG}

 

