w 1 ι 1 111 1 1
111111 1 1111111,11111111111111 11111 11111, 1111111, 11 111,

1111111111 punto 1111; 1111 1 1111111111 111111 11 1111,
11111111111111 11111 11 11111 1111111111, 111 1111111
1111 1111 11111111111111111 si 111111111; 11 1111 111 11 1111
1111 1111111, 11 (11111111 1111111111 1111111 1111 111 11111
11111 111111 1111 1111 1 11111111 1111 11111111 1115111111·
111 11111 1111111.

511111111111111, pum 111 11 1111111111 11111111111, 11
1111111111 11111 1111111111 11111111111111111, 11111 1111111
Quanto 1111 1111111111, 1111 a: 111111 1 1111111 monimo 11·
1111111111 1111111. 1111 1111111 111111 ss 8111111111, 111 11
1111111111111111 1111 111111 11 ogni 11111111 hm 11111
111111111111 sopra 11 111111111111111 11111111 1 11 111 111·
1111111111 tutto 1 11111111 luogo 11 111111111111 111111,
11111111111111111 11111111111 111 11 11111111111 11 11111 ἃ
soum 1111111, 1111111 1111111111 111 8111111111, 111 11111111
modo 11 1111 1111 1111111111111111111111111111111111111·
111111 1111111111 luogo 111 11 11111 quanto 1111 11 11111 11
sotto, si 1111111111 11111 111111. 11111111, 811.1111111,1111
quei mobili 1111 111 moto non 1111111 11111111111111 11
verso, quanto 11 1111111111 1111111111 13111111111111, 1111
111111 111 1111111 luogo, 1111111111 1111 1 11111 111111
11111111, 11111 11 ogni 11111111 11111 111111 111111, 11111,
111 fuori 111 1111, 1111111111 1 111111 11111111 1111111111·
1111 111 11 111111 1111111 111111111111111111111111111111,
11111 1111111111 111 11 regione 11111111, 1111 11 1111111111
1111111111111111111111ς 111111 dunque 1111111 111111 11-
1111111111111111111111 111 1111111 1111 1111 1111111 11111
1111111 11111111, 11111 11111 11111 111 11111 gravi.

1·1111111111,111111111111118111111111, 11111111111 111111
1111“11111,11111111111111 1111111111 fuori di proposito, 1111111
111111 11111 11 1111111 11111111 11111111111111 11111111, 1111
1111111 111111111111 1111111 1111111111111111 111111, 111
111 111111 111 11111111, 111 legno, 111111111111111 1111111-
1111, 1111 11 1111111 111111111111111111111111111111111
1’ quali 11 11111111 ma 1 111 11111111 11111. 1111 111 gran
111111 11 111111 111 1111111111 1111 1111111111111111111

 

