1111 01000011

staua. 0010111111 000 apparisce 0000111, vi 0110110010 10 vano,
1011101010 111 101 (1110110 0110 11 11011000111110 ad 00001 tatto, 011
0110111010 10 00 (11011000, immagioaodovi 0110 01 00010 1101
essm 1111 000 0000 000 10010ῑο a qualche 0010110, ο 1110010·
(1110100 0111011000 1001010101 como 000010 0010101010 000110
11 10111111 (1011001100, 0001 110000 accudere, 0101100 0000 1011-
storo 0 (10010111 0101011000, 0000111000101 000 raziam
11 ebt· 11 10100. essendo 11 000 resistere movimuto, 011
1001111111 1101010. Pero 1101 vostra intelligam 1101010 101010,
ooo 111111 111110 0001111010, e 000000000010 0000110, 0110 una 0010
1101011111 0 0111111000 0101 forma, 001110 0111000 001 rugio
10110110010. 0 00110 010110 potare, 0110 0010111000 0 011100100111
11011111 0111101011,ωο101110110 101 1011111, 0011110οο 0000 1110011·
110110010111000101 ma 000 11011 11111 (1001111010 0110 noa (10000111

111101111101110110 forma 0111010 010010101111 01101101100110110000
01111111 1111110011 01 110110 (11000110101011101000111 00 (1110110010
1011101110 11 1110010, 010 1001000010, 0101111010101100,11001001
wamma 0111 001010100011 110010 101000110100110 0110 011

1111111 (1111 01100111101111011010 0100101οἰ, 11010111 ao ,100011
111011. 101110 0110 tentamento 01 10001010, molto 11111 01 appa·
1111111111 1001110111. 010, sig. (10101011011000 (00111010 101011,
1111101111 1111111111 (1110 cede alla (1111010000 alia pulsione 01 1000111
11111 11 1011111110 11 (101010, 1010111001100110 000 01 100010 (11·
11111111111111111110 10011 10 (10101ος 0 poro essendo la 000 11·
1111011011 1110111, 11011110101010101 0 (1111101110 100101010, 00111
(111111111111111111111 1011010 [irata (101 00110110 00110000 011·
1111101111011101111111110111100101 101100, 0 10 000001100οη 11
1111 (1111111101 111111· 001100 001011101011110 1001010010. 1101101011
111 (1111111101 1111111010, non 11011 (11001010101010 0111101110 01011
0111111 111111 011111 (1110 resista 01Ιο divisione o alla 110101011
11111 11 11011 11111 (1111101110 non 100101010; 0 11 11011110, 0110 001
1111111111111111111111111, 1100 01 0111101111 mai roso; 0 0001110111
110 1111111111 1111111. 111111 ci parra mai 10000. Ε dunque 11111101·
11111011101111111111 11101010 alla divisionee 011110110οο 000 10-
011110. 11111111000010110 0110 apparendo non resistere, 10101

1101101010 111111 0111 1001110000.
1111111111 111 1111101111 0110110010 assai 1101 11110νο10 10111111.

 

