’ 11 11111111111111111111. 1111

11111111 uaso 111 1111111 111111111111 1111 quella 1111 (111 11-
11111111 111 11111111 11111 11111111 11111111111111111111, 111 111111
111111 11111· 111 1 111111111 luogo, 111 1 11111111, 111 11111 111111
1111111111, 111111111111111111 gravi 11 1111111 1 11 1111111111 11·
11111, 11111 111 11111111111111 11111111 1111111. 1111111 111 11
1111111111111111111111 11111111 1111 1111111, 111111 11 rosso 11111
liquore 11111 111111111111111111111 1111111111, 11111 11111111111111,
11 111 1111 11111 quasi 11111, 111111111111111111 111 1111, 111 1111
1111111111111111 111 11111 111 111 1111111,11111111 1 111111111111111,
111 111 11111 1111111111 11111 (11111 11111111111111111111,111111
1111111111 1111111111111111 1111·11111; 1111111111 111111 111 111
1111111111 11 quel 11111 11 1111, 111111 111 1111111111111 111 111.
111 11 1111 11111111, 1 111111 11 1111111.

111 11111 1111111111, 111111 11111111111111111 11111 11111
111111 1111111111, 1111111 111111 111 111 11 1111111 1111111 1111, 111·
1111111111 111111111111 1111111111, 1111111 11111 1 11111 111111
11111, 111111111111 111111111111, 111111 111 1111111111. ,11111111
111 11111 ragione 11 111111 111 111111111111111111111111111, 1111-
11111 (1111111111 produt 11111111111111111111111111, 11 111 quello
111 11111111111 1111111111111 111ιί111111 11 111 11 11 1111111111 11-
111 simini: 111 11 11111111 1111111 di dire, 11111 111 111111 in·
11111111111111111111, 111111111111111111111 di voi, 111 11 111
1111111111 11111; 1111111111111 111111 111 111 11111 1 1111111111
11 111111 111111111111 (1111111111, 111 11 essendo 111111, 1 111
1111111 11 11111 111111, 11111 1111111111 11111 1111111111111111111
ro, 11111 1111111 (11111111111111111111111; 111 111 111111 1111111
111 1111111111111111,11111 111 11 111111111 111 11111111111111·
1111111 1111 1111111, 81111 11 111 11111111111, 111111111 11111
111111 1111 pace.

(11111 11 11111111 111 111111 1111 11111111, 11 da quella 1111 111·
gine 11 111111 111 11 11, 1111111111 1111111 111111 1111111111, 111
dile 11111 1111111111 111111111111111111 11 figura 11111111111111-
aim, non 11 bisogno 111 11111 11 11111 perlui. So 111 111, 111 quel
111 111111 111111 1111111, 11 disse 111 1111111111111111 111 modo di
(11111111 1111111ε 1111111 111111111111111111111111111111 1111 adun·
1111111 11111111 111111 di lui 11 (111111 11111 fondamento 111111,
se 11111 1111111111111111 111 11 1111111111.

111 quanto 11 dire 111 11 11111111 111 111 11111 11111111111111
111 1111111111, (1111 qualche cosa in contrario, 11111111111111 11-
1111 111111 111 un 1111111111.

 

