1 10000100 00110 (01011110. 157

1001101001, 01 00001110 0110 quando 01 00001101οη0 dne 11-
11100οἰ0111 0010, 1* 000 1 10 'unguem 0101110 10 1010110110.

11011 1110101110,000111011001011110 101010, 10101110 lar·
ghe 0 1111111110, 0 11111000 11 10111110 01110 00000ςο 01101 101·
rumenti 10031101000111 00110001000. ma 1 10113111 0 0110111 ’
011110 un ago vanno 111 10010, 1010111 (1011 ago 000010 01
1101100 0 000010 00 1’ nequa 100 11000010010 questo non 1100·
(10110 esser 01110 011010 101101100ιο 0 1010110000, {equali im·
0011000 1· ago esser 110010 0 0100010. voi soggiugnete 101110
uomitum, 0111οτ 10000 per 10 1111100 0001 1100 0 001000110010(
(01101110 per 10 10100,1’11110(11(00100000,001110 01 (1111110 (1 qinom
1100 (0000 (1111110 111 term. 1111011110, 810001 (1010111110, se voi
000010 a 0110111010 10 1011010000 d’una 0110100011 0110 111000,
0000010 0110 10 minuta 011 0110111010 100000 000010 10111010000
genere, voi non posereste 01110010010 10 01000 0 0100010 (per-
01110001 00101110 un 0000110 0011010130, e 10100310010 0011
01 (1110010110 oon una 101010111),1001·001010010 1011110010 11
11100010 (110110 a 1101000110010 010110, 11010οτ011101 1101 mi·
0111010 10110 sua 100010100101 001010 quanto questi misu-
101011 01000 11010111, 0110 01001000 simili 0010 a giacum, 0
0101000 000111 00101101 101Ιο 10001001010101 1110 01010 110110
010 per 1110000110 10111 001111 10110 000110001111111100010110111
0000000000 01110. 10 0001000 0110 non si potesse 00101 [1110001111
110110 0000110111, (1100001100110 001 soggiugnete 111110 10110
0000110 10110110101101 11011 001111οω0101 Ma (1101111110 001000 ’
(11011100 0 1001001001000101100111110 (1100010, 11100110 11000011
diversantem. 1110, Signor (2010th 001110 1110101110 1100011010
01110 0110 (0101010111 diversi 001110101001110101 1100001110-
00ωο0111, oi 010 un modo 0000101101101110, 11010111001100011-
10010 111 00111 010 globi, 10 100100101011100110 1110110 10000000
11 00101110 (1000111010 una 00110 [1011110110 0101110000100110.
111 0101110το 0110, 810001 (1010111110, 001 0011001010 0110 quando
1ος0 0 1010110 11 10110 01 [1000110 110111010000 modo, 0111011-
(100100110 11 0101001010 01101101 01 in 101110 01 11010, 0110 1101

00101 diversi 0110111 01100 questo galleggiare, 011 1101101 110·
010 [111110 110010111 11 figure, ma 01 001010 ancora 1 1100001

1100011. Ma 00 11 10110 010 0001, 01110 0001000 0110 11101011Ιο
(111,11,00(’111,11,01.- T. 1111. 18

 

