00 00000000 00000 0000000 111

,00000 00000110, 0100 00 10 110000 00010 000 1000100000, 0 100000 000

10 00000010100000110110101000 0000000000, 10 10110 000 1000000 00
100 000001000, 000 01 0100000000 10 10010, 0000010 000100 0100000 10
0000001010 1011000οι 111100 000 10010 001010010010 11 011 10 0001000,
0000101 1000100110 0001001010οο 000 0011 0110010, 0100 l' impotem
0 100100 100000 000 10 000 1000100000.

Δ 000010 1011000 argomento, 0 000 0100110 0000010000, 00000 01·
00000010 0001001 0001001011010, 01100000οῑ1 100000 00000 00011οο00 0
10000010000010010010100000010 10000111, 0100 01 0101000001 0110 00110
muln, 000 00011010 0100 010 11000110 01100010 0100 1 10 00010 0 10
0000, 0 0001 01 00101000 11 00000010),οἰ 01000010 0010100000010, 0100
10010110 000 011010100110 0 0010001010 0001010000 00000 0010000010
Νὴ 01000ιί11 101Ιέ000ος 0001, 000 00001000 0001010 10 000010100οο,
01001 110 010 000 10100001 0 000 10 00011. 111 00001000 0100 01100010
0011, 0100 11 001100010οο 0 0000000001ιο 101101000100010 00000 1011100-
00100000110110011 000000, 0000101 000110 00011 11 quello 00110 01 100-

0110110000 01 00000001000, 0 010 0001 000 1001100010 01 1100100οο ’

0 110100000000 00100010 0101101010 000 00000 0 001 01000 0110 00010100·
’00 0100 10 10 00000000 1011000000 01 00100 10110 10110, 00000 00001011010
010000 101 1011010101011100 0000010000 0110 110100010οο 10110 00011
101 00000, 0001000001010100000 00000 000001 100000, vi 1 0001·
010000,’10001011’00000 10000 00000 00 00001011 0000 0 11 100100, 0101
11 00011 1101000 000 00011000, 00000 01000001010000010 Sua 1110000
samm, 000100 11 810. 1100000000, 0 0100 000011 000 01 10000
000010 0110 0001100111 0001010000 010000. 110 0000101 10 0000111 101100·
qu 000 100110100100 000101οτ0 0 00 00000 011 00000 11 101, 010 000
10 0000101011011ος di 0011010 01100 0001001 1100000 0100 000000000οο
100 10 10101 0001οῑ00000 100 10 00011 10010010010 10 10000, 10110 0001001
amul» 00010010, 01000000 101000 1010101110, 0100 0000110101 01-
101101 udi 000110011, 000 0001010010 101100 0001001. 000 010 lh 01·
0000111010000111 1010001000 1011000000 0100001 0001010000 0110 1101·
01000, ffl 0001 00101000οὼ110,110010001,110000, 000010100οο
ab· 0110 010 0001100ος 0001 11100000 00000010. “ ’
{mn 01000000 10 000010 00001000. 0001 00000 00011000 11010,
000011 10 00011 11 0000 00000 0000 00110 11 00001000, 0100 011001000οι0
000 0010 0000011010 10 01000010; 000 1000001ιο 000 0010 0000011010,
00010 11 00010100 00001111, 0100 001 0100000οί00, 0001010 00 0000 0
01100 10000 0100 10 0001000000 1 0001000101 000 001 01011οε10 10 000010),
01000001ωοοο 00011000. 8000010, 10111 100001 0100 01 0000001000 0

m 10001111, 01000100000010000111 101Ιο 010000 00010010, 00000 1 100-

 

