111111111111111 ι 1111111111. 81

1111111111 di gran moltiludine 11’111111111111111111111,1111
1111111111 11 pelo 11111 1111111111 1111111111 11 11111111
1111 11111111, 111111111οοί Ι’1111111111,11111111111 11
figura, v. 1.,1111111,11 quale 111111 1111 grandissima 111·
1111 1111 fondo. vi 1111111, 111 11111111111111111111111
1111111111111111 1111111111 figura. 11111111 dunque 1111,
11111 1111111111 111 11111 1111 111111 ignei 1111111111,111
11 111ο,1111111 11111 1111111 1 1111111111 1111111111 11
111111 1111111 11111111, 1111 11111 1111 1111111 11 111111
11111 1111111111111111111111111111 1111 11 1111111 1111111,
1111111111 1111111111 11111111111 111111111111111 1111111111.

111 ’11 111 1111111111 11 111111111111 1111111,ο 11 1111- .

11111111 111111111111, piem 1’ nequa 111111, 1111111111111
11 11111 un solido 11 figura pinna ο 1111111, 11111111 111·
1111 111111 1111111111 poco, 1111 1111111111 11 111111111
11111, 11111111 111111111 11111111 11111111 111111 11111 11 -11111
1111111111 1111111 11111 1111111111 ignei, penetrata 1111-
1111111111111, 111111111111 per quella 111111111, 11111
11111111, 1111111 11111111111111111111, 11 1111111111 1111
1111 1111111111, 111111 11 111111111111 1111111 111111111 11
1111111111 11111111111111111, 11 quali cessando dopo 11 111-
1111111 111 11111, 1111111111 solido 1111111, 11111111111111
1111 11111111. ²
111111111111111111, 1111 111111 1111111 111 luogo 11
1111111111 11 111111 1111111 1 111111111111111111111111
1111 111 11111 1111111111, 111111 1111111111 1111111; 111
11 materie gravissime e 11 qualche grossezza, 11111 11111 11
11111111 1111111 11111111, cessa 1111111111 11 1111 11111111 11
testimonio 111111 111111, 1111 1111 11111 111111111 dagli 111111
ignei 1111111111 111 1111111 1111111111 1111111111, 1 11 111-
11111 11 111111 11111111, 11111111 1111 1111111111 111 11
1111111111 1111111111 111 11 formano, 11 111 11111111111
11 1111111111 superiore 11111111,11 11 1 mezzo d'operare
1111, 1111111111 11111111111111, 111 111111 11 11111. 111111
dunque 1 11 11111 111 1111111111111111111111111111111111
1111111111111111 quella delle 1111 (1111111111 111Ιὶ111111.
111 1111111111 1111111111, parmi 11111111 11111 111 111111-

 

