8222 · 11111111111

011111 1111111111 11111111, 1111 11 11111111 11111 1111111111111

11111111 11111 1111111 11111 11111111 111 1111111111 1111111111 11111111
1111111111 1111111111111111111111111 1111111111 1111111111 mo.
· ι Quando 11 1111 111 11111111 1111111111 111 1111111 111111 111-
11111111111 1111 gravo, 11 qula 111 11111111Ε1111111 111111111111,
111111 1111111111111 1111111 111 1111 11 11111 111 1111, 111 11111 1111
pom 11111 1111111111 1111111111, 11 111 111111. (111 1111111111, 1111111
111111, 111111 [111111111111111 11 pom, nouolutum 1111111111
11111111111111111 1111 1111111111 11 111111 111 1,“ 1111111111». E
qui 11111 11 (1111111111 11111 1111 1111111 1111111111111.

Quanti 11111 11111111, 1111 quando 111 11111 1111111 1 11 111-
11111 11111111 11 111 11111 1111 1111111111 1111111111, 11111 1111111111
1111111 11111111 1111111111, 1111111111 vome 11111111 111 11111111, 11
1111 1111 1111, 1 1111 111 11111111 11111111111111 11111111111111111111
11111111. 11 11111111 11 1111111111 111 111 11111111 1111111, 1111 11
’ 11111 11111 1111111111 1111111111 1111111111, 111111111111111111111
11111, 1111111 11 1111111111 11111 11111111, congiunta 111. 1111 11111
11111, 11111111 un 111111111111111111111111 1111111111111111111-
111111111111 11111111. 11 111111, 111111 1111111111 1111 11111111 su·
1111111111 1111’11111,1111111111111111 1111111111111 11111 1111111
specifica.

01 11111111 1111 vero, 1111111 1 111111 11111111111111111111111
11111111 1111 1111111111 111 1111111111

1111111111 11111 11111 111 1111111 1111111 11111, 11 grossum
1111111 11111111
La 1111111111 11111 1.·’111111 111 111 ,

n 1.· n 111 1111111 111 11111 11111111.

’ 1.· n 111

1111111111 111111 111 reciso 111111 111111 1111111111 11111 1111111
1111111111 11 1111111111 tnui 1111111111 111 111111, 111111111111 111
1111111111 1111111111, 111 1111111111 11 1111111Ιί, 111 1 11111 111111·
111, 11111 111111111111111111111 11111 11111111111111111111 wando
1111111111 11111111111111111, 1111 11 11111111111111 11111 111 o
11111 11111111 1111111111 arginem 111111 1111111111, e 111111 aque-
111 11 1111111111. La 1111111111 1111 111111111111111111111111111

1 deschi della minor grossezza 1 11 un solo 111111 1111111111·
11111111 1 11111, 11111111 11111111 11 1111111111111111111111,11 11,
1 1111 1111111 1111111. 111 il 11111111 11111111 111111111111111
11 11111111111111 111 11111 assai 11111 11111111 11111111111111-
11111 1111111111.

1 1111111 1111111111 1111111 1111111111 111111, 1111111 11111111

 

