111 1111111111111 ι 1111111111.

figura. 11111 dunque 1111 11 figura 1 1111111111 111111 ln 11·
1111111 1· 11111 1111 11111, 11111 qual 111111111111111-
11111 11 11111111111111 1111, 1111111 1111111111111111111
11111111111111 11 11111. 1111111 portanto 1111111111111-
111111111111111 1 1111 1111111 1111 11111 1111111 1111111
11111 11111111 11111 111 11111111111111111111 11111111
11111 1111ςὶ111 1 minor 1111111, 111111 figura 111 111111
111111 111 11111111 111 111 1111111111111111111111 111·
11111 dimi 1111 11 1111111111 1111111111 11111 1111111111-
111 1111111111 11 111111111111111, 1111111 111 111 11 111111
11 figura, 111 d 1111 111111111111111111 1 111111 mesa
11111111 11111111 111111111111111,111111111111 1111 111·
1111 11 111111 1111111 11 figure 11111111 dagli avvomri per
1111111111 11111 111111, 111 111 11 1111111111 111 11111 111111
1111111.

11111 voglio tacere 1111111 ragione 1111111 pur 11111
1111111111, 1, 11 11 111 111111111111111111111 11111111111,
11111111111111111 1111111111111 11 figura, 1 della mi·
111111 111111111 11111111111111, 111 11111111 111 11111
1111111111 111 11111111111111111111, 111111111111111111.
1111111111 11 legno 1 11111 11111111111111111111111111 11111
111111111111111111111111111111 111 tentamento 1111 111
va 11 11111 111 11111 d' 11111 11111111111111111111, 11 ebe
manifesto 111 111111 111111111111111 1111111111 111111
111111 discendendo, 1111 111111 1111111111, 1 111 111 11111·
111, per esempdo, 11 legno 11 1111111111111111111111111111
11 111111111111 eguale 1111111 1111111 degli 11111111,
1111111 resta 1 11111111111111 1111 11111111111, 111-
111111 11 figura impotente, per 11111111111111,1111111 11
111111ιί1 111111111, 11111111 1111, 11111 111111 111111,
posta 11111111, vi dovrd restare, come 1111111111, 111 11
1111111111 impedimento 11 figura, 1 dividere 11111111 mi·
111111 1111111111. Ma 11 111 1111111111, 1 111 1111111111 vo·
111111, 111 111 solamente 11 1111111111, 111 1111111111 11111
11111111 medesimo noce 11111 1111111 come 1111111111·
mente 11111111 troveremo, di grazia cessino gli avvemri
⁶ 1111111111 11 1111111111111111111111111 11311111111111·

 

