1 10001100 01111 00101110. 329

vendo 00001010101100011001111 110110 110111 1101110101, 110
0000101010 11001 cambio 11 00110100111110011 01101001111111·
1000110οἰ manchino di 0011010011, 0 0110 11010 0011010010111
11110 0110 01101 001110. 111 11111οΜ00110 01 100 1011101000 in·
10010,11100 100101100οῑ0 010010 1011111100 01101 001111, 0110
1011010 1011010010 continui, 0110111000 10 111111 111100110 10-
01011, 1011 11010110 e· 1010111 1000 01011101101011110011010
01001111 0110 1101 modo 110000 000 11 1101011010 10111010, 10110
11 811. 11011100 1110 1· 10101111010111101 101 0001010 11111000-
10110 oi 111 11011011κί00οε 0110 10111 1 001111, leoni 111111 111000
000110010, 11 0110 000 11 nepetino 1001111010011,110οο 11100-
omiti continui, 00100 di sopra 110 010111110. equando 001-
1’ 11111 interrogatione ii 811. 1101010110 (1001101110ὴο 10 gii
1101111 00 1110 0110110. 010111101010 111111 00010011 10 00

0011100110 non 111 00011000, 10011 010110 (1110011111 111 11100, 0110 ’

1011111 1 0101011101 1111001111011101101, 1 quoii 11 1011001000,
01000 11· 00 001110 01100011ου0, 000 0100110 0111 ne 11111 1101
110010 11101110, 1101101 01101 00011001. Non vi 000011οῑ0,
811. 1101010110, quanio 1101100010100010 1000110ιο 0011011010 oi
10110110100110 0110 e 10 questione?

(Peg. 131) Voi 10 11101110111011101111110, 01.

· 801011111 811. 1101010110 oi 10101 000110001011 811. 111- .

11100 0011* 0110110011 eddone, 11000111 10 11110 proposito, do ini

0101011010, 0 1101000001 0010001011011 101111000011111100010 ι

10 00111110, dove 11010110 11 11111000 1111 10010, 001 quale
111111 in colonae, quelle 111111 11101101 0110 0000111100 (1001-
io 1111110, 100001111101001010110 10 11110 11 10010001110110
000 feriano 10 11 corpo 000 1011000011000,101 di 110111 di-
111011100 divise (11100 egli) dei 10110, 0001011100101111-
11111 ammonente. 11110 0 000 0000011010 100110 (1110011010
00010110 0110 11 811. 1101010110 011 11011110 1111010000 0110

. 1101101000 ia 11110110 0110110, 001 110111 1100110 00 solido, 0110 “

11 i' 11000 0 11 111101; 101 01101101011011011010101110111100-
11110 l'noqua 00011110 111111 11110101ος 00010100 1111100010,
1111111010 e'nou mi 1110110110 101111 001111 (1110001100011, 001
1110110111 (100110 00 1011110,11001000 11 1001011100 0110 1010111 “

0 11 1111001 (iove io 1101 101 101011110010 1· 0110111100, 0110 111-
(1111110111011111. - Τ. xii. 11

 

