,1 1111010101 0111101. 1161

111101 qualche 1011110 0110 11 5101110110 11 111001 10110111
1 scrivere 11100111· 10011 10010 (0 0101110ιο quando 0011000
1101110 00101 00011111110 10 10010 11000010010 110000 010·
0110110 101 51011011100100100010111111 110101110 111 1101 11-
100110 1001011010110111,0110, 10010 01011100011011100011001010,
11011010 001 100111 1111 1001011110101001011110011000 10110,
00100 11 1110110 0011 0111110110011101100 quesite 101 810001
111111001111100111 0110 11 10000 111111001131 11010110010 ,
Α111101110110110,10 0001010010 Democrito, 0110 10 11 0011110110
100 10110 1011, 1110000101110 0110 001 0110 11010 1011011
10010110 0111 10100001ου10 0110 000 01001011 110001, 100010·
00010 00010110,011001100011 1010 0111 10 01010 11011001
0010 pareva 01 810110111οο 0110 11111 0010110 ’1011110 000 dc·
1110110 1101001010 11 01111011Ιο 10 0001 10000 1011011110 10-
001010 questo, 0 00110 0100110011 01 11101110 011000 1001-
10111101010111000110 11 8101111110 000 001010101100010 01110
11 10010, 011* 10 000 01010 0110 010000 01010011 111 01011100-
111 01 1001110011ος 0 0011 0010 101000010011011110610111
000 1010 000 101 leva 11 1011110, 101 100 0· 00010000 00 01100
0110οἱ010, 001 1111101 0110, 110011 10 0011110011 11 1010001110,
11101101101101011010010 1· 1111 10001010 001 1’ 0111 0111
10100οω0010 0110 000 01001010, 01101111 ‹l’ 001011; 010 00101111
00110 001111000 11 11010001110000 11 1 10000110 0101111011
10000 00110111, 1101011 11 sig. Gracia 0101111ιο 11 10010110
001011011 vedere, 01000111 0011 01101100 11 1010111, 001011 01 1ο

01 (0011000110 che 10 01011) 11 510. 11111100 10 100010010111
00010 010000 1010 0110110 abbia che 1110 11 10010000011101101 ’
110101 10011 1 100111, 001 11101 101010 110001 discendere 1
110001010 001 1100111.

11 8101111110 110 001 1011011010000011011101010110 10·

00110100, 0001010 11 810. 11111100 10110 10 0010, 0 redarguendo
ogni 100101101 011 000 10 001 0011 0001000 0’ 11 1111 0111
010110 111110010, 0 000 11111011001 0101010010 le 1000000111·
sioni, 01 10 somma 011Ιί00101οὶ0 01101011, 0110 0110010100·
0110110 qualche 01110 010000 10110 verite 1011110101 Signo!
Galileo, 100 0110 011 1110100011 0110 0’ 10111110 1011110 1010 0110
abbiano 110110100011011000110000 prima 0011 01010 10-
11111110 11111011. - Τ. 1111. ’11

 

