3112 11110111

1111111111111111· 111111 1111111 111 suo galleggiare, 1011111
1111011110 11 1111111 111 11111111111 1101111110111101,01-
1111101111111111, 1111 111111111110 1111111111 questa
1111111111 111110 1111111111111111111 101 1111 1011111 11
sig. 11111111, quanto 1111111110 bagme 0 111111 101111 111
1111111111 11 101111 1111111111 che 111 101 111111 11111111
111111 1111111111 modo 1111101 111101 111111111111111
1111811. (1111110, 11 11111 11 1111 11 1111011 1111110111 111111,
1 segue 1111 istesso modo 1111110111 11111111 11111111 01111.
10111 111110 111, sig. 1111111110, 1111 101 11111 1111111 1111
1’ 11110 non 1111111110, 1111111 11 101 101111111111111 1111111·
110111111111110, 1111 1011 bene 11111111111 10111111111111
111111. 111 11110 1110111110, sig, 1101011110, 01111111111111

, 11 111111111111 1111111011 11 1111011111 1111111111 101 11 11·

11111111 1111111 11111 111111111111111 11111011 1111111
11111 11111 111011011101111 Credo 1111 111111111111111111-
1111 men 1111111111 1111 111 1011111111, 11111111110111111111·
111111110110,10111 111111 1111 111111 11111111, 11111111 perde
1111111111 1111111111111 1’ 1111111111 1111111111 11111111, 11
esum 110110 grave, 11111111,11111111 11111111111111111-
111111111111111 1111111111111111 1111111 11111111 111111 sue
11111111 1111111111,1110111 11 11111 1111111111 1111111111
1* 111111 11111 11111 1111 111 1110, 11111111 ancora 11110111
1111111 11111 11111111 1011111111, 11111111 11 ferma. 111 011
10 11 1101111110 11111111 angione 11111111 1111111111011111
non 11 ferma 1111111111111 1,11111,111101111 pareggl 11-
11111 111111111 1111101111, 111 1111111 111 1111111111111111
11111111 1 11111 10111 111 11111 111111111111111111 quanto
11 1110 1111 11011111 1 1111110 11111111111111111111111111
1111110 1111 11111111 11 1111110 11111· 1111111 1 1111111111 111 11
11 1111111111 1111111111111111 1111111 1111111110 1111111. 8111111
officum 111 1111111111 101 11111 101 1111111111111111111111·
111111111 111 mondo: mahen 1111111111111111111111 1111111
11011111 1 1111111111 1111111111 111 111 dire, 1111 10111 11
11011110 1111111110 111 1111111111 1111111 primo 1111110 1111-
111111, essendo 111011 110111 ’1111 gravi 1111111111 1111101111
11 101111111111111110111 1011011111111 1111111 11111, 0111 11-

 

