m 1111111111 111111. 2111

1111111,111111111111 1111 1111 coloro 1111 11 11111111 11111111111
1111 1111111 1111111, 11 qun! 1111 1111111111 11 1111111111, 1111111111 1111
111111 1111 11 1111111 1111111 111111111111 1111111111 1111 11111111 (11
111 11111 1111111111111 1111111111, quasi 1111 111111 1111111 1111111111
1111111 1111111111 aggravati, 1111111111 1111 questo accidente 111
11111 111111 1111111111 dagli spiriti 111111111 1 111111 111 1111 1111111
diro 111 8111111111 1111 1111111111 1111111111 1111111111 111 1111111 11
1111111, 1111111 11 111111111111111111111 1111111111111, 111 11111-
1111111111 111 vaggiam 1111 1 coloro, 1111 11111111 11 1111111 1111·
1111 1111111 di 1111, 1 quali 111 1111111 11 1111111 1111111 11 11111 di
111111 1111111111 111 di 1111. E quindi 1111111, 1111 1111111 1111 111111
11111 che 1 11111111,111 11111 1111 11111 1111 1111111111 1111111111111111
11111111111 di 1111111111 1111111 (1111. 111 mi 111111 11, the 11 uno si
1111111111111111 1111111111111111 11111, 1 11 1111111 infundere sopra
11111 111111111111 1111111 (111111, 11 1111 1111 11111111 11111111 11111
111 111, 11 11111 1111 11111111111111111111111 1111. 1111111111 11111111·
111111 111111111 (1111111111111 1111111111 11111 111 111 di 1111111111 gli
1111, 1111111 quanto 111 son 11111, 11111 111 111 1111111111 di 1111 111·
1111111111 1111111. 1., 11 11111 11111111 1111 11 bruceio 1111111,
1111111111 1111 gli 111111 111111111 11111111 11 11111111, quando 11 11
nrt 1111111,1111111111111 11111111. 11 1111 11111111111111 1111111
111111111111111 111111 11111111 1111111 11111 1 11111111 1111111 1111
1111111 111111 1111111111 1111 11 11111111, 1111 1111111111 11111111
11 11 111111 di 1111 11111111 111111, 11 11111 11 11111111111 1 11111111.
Au· 1111111111 1111111111 degli 1111 o 1111111111 1111111111111111111-
1111 1111111111 11111 11111111111111,1 quando 111 11111, 1111111 11- >
1111111, 1111111111 11111111, non per questo 11111 11111 11 11111111 111
1111111111. 11111111111111111111111111111111111. 11111 11111 1111111111
11111 (111111111111 11111 distinguere, 1111 111111 la 1111111 1111111111
1 (11111111 1111 1111111 1111111111 11111 111111111111111 1111111111
nd 1111111 luogo genera 111111, 1 1111 111 111111111111111111111, oudo
1111111111 111111, adunque 111 111 luogo 11 1111111 1111111111111·
111, 11111111 11 1111 1111111111111 111 1111111111. 11111111111111111-
1111 11111111 1111111111111 1111111111 11111111111111111111,111 nei
111111111111; 11111 111111 1111111 1111111111,1111111 11111111111111111
1111111111. 1111111111111111111111111111111, 111111 11111 subicito 11
1111111111 grave in leggiero, 1 111111 11111111 aver 11111111 1111111,
non 11 1111111111 111 11 11111111 111 un 11111 11111 mezzo. Aduuquo
11111 11 sia. 11111111 quanio 111 1111111111 11 111111 di 1111111111.

0111111111 111111111111111,1111111111 11 11111 1111111111 111111 111

 

