1 1010110011111 1010111. 111

110111 1011101 111’ 01101 111111, 111 11 11110 0111 11111 111·
111111 moto 11 110110 10100111, 0110 1111111 11110110 1111
31111110 103001011111 11101010, 1111011 0110 11 11111 111
11111 11 0111 (0111110 1001000111110111110110 111111110111
111111010110 1111110 figure), 1111 01110 11 1001010110110111

10110111 11 1101110, 11 0111 1111 111111110110 011111 10110111

gli 1111101101 111100111011111 01110111 1111011010 0111111 .

11111111 10101111, 1110 011 1 10111 11011011 11 11111110 101111·
1111111111 11 1110, 11 0110 111111111111101 1010111110 110111
011011 momento che la 111111 11 1110 111 1010111110 0 111·
1111ος 1111111 101 11 10111111011110111111111111111111,
10111111011111101111 ungheri 11 1111111110 1 11111, 11
00111110 111 10 110110 11111 1011101111 0110 0111 111 1 1110-
11110, 11111111111100 00110 10110 1110111 111111, viem-gli
111011111101 10010111 ohe manifesto, 1011101111 101 11
10101 111101110 110111 1001111110 101111011111101111111111. (101
1100011 11 Sig- 00101110, 00111 111 10111110110111, 0011111
111011111 questa 0110110111 001 110111 1111111111 1111011110
10110 com 11101110, 0001011001 1111101110, 111011 1 11110 001011
11 quelli 1001 0191001101100111000 11001110 111 0111101011 111
specio 11 0100111, non 001 0110111111 10110111 1111110110 11011.
011111 101 1011000111011 111 0010111010, 1011111101101
1200000 0111100110 resisum 0111 divisionem 11 000100101-
110111, 1 001 01 100111 101110110 11 111010 011000. Ma 1010111 ¹
e’sogglugne 00111 11110 111011 001 111 00101111010 110110111-
gente, 1 10111 1011111111οο001111011110110110101 111101 701
1111111110 11 0011010111, 8116011110, 101111 01111111 010011 {aldo
0011 1011, 0101111111, 111110 0100011 00111011 10101101111111110,
1100011111110101011 0 11111111001101110 11011 100101 ab.
0111, 10110 111110 011 100100 0 11 1101111110. 1101111111 dire
1010 1111 1001010 11001111001110 1010 10 1101011101 §ignor
Columbo, 1110 quali 11001101110 1100110 1111011110 11111 111
00101111010, 0111101111 111 [110101111011 11101 1011110111
0011 110110 1001011, 1 111 manifesto 1111110 11111 10010101
111110110 01101 11 01110110 11 0111 11 010101111111111 11·
11110011 111111110111 0110 111011 10111111111111111110111,

11 10111 8110010110 1010; 1010111 111 11111110101 sugam
6111110 11111111. - T. xn. 111

 

