1138· 11111111

1111111111 111111111111 111111111 111νὶ111111 111111 111111
11111111, 11 qualo 1 11 1111111111 11111111 111111, e 111 11·
1’ esser 1111111. 111 1111 1111111111111 111111, 1111 11111 sm
1 1111 1111111111τί 1111111111 111111111111111111 confessam
1 11111 111111, come 1111111 segue 11 1111. 1111111 1111111111
1111 e'soggiugoe 1111 1111 11111,11111111111111 Non 111
1111111111 1111 111111 1111111 11 cm 1111 oo 111111 111· pm·
11· 1111111111111111 11111, 11 1111111111 1111111111 111111111-
11111111111 111 11 11111111 11 1111111111 111 111 1111111111 1 m
111 ponto [11 111 111111, 11· 11111 1111111111, 1111111111υῦ
vien orave e 11111111. 1 pero 1111111111111111111 1111 1111111111
1111111111. 011111 1111111111 11111 11111111 1111111111111
11111111 1111111111111 1111111111, o 11-111111111111 11111111
111 5116111111111111111111 11 11111111111111 1111111111
Sig. 1111111, 11 111111 11 11111111 egli 1111111111 11111111 11111
111 1111 sopor! 11 11111111111111111111 111-111111111111111 11-
1* esser 111111. 111111111111111 11 11111111, 11111 11111111
1111 11 ascende? 11111, 11111,- 1111111111111111111111 1111111111
111 1111111111 1111111111111 1111131111111 1111’ 1111111111
11111111 1111 111111 111, 1 1111 111111111111111 11111 binom-
1111111 1111, sogoisse 111 111111111,1111111 111 111111111111111
se. Domando 1111111111111111, 11111 egli 111111 1111111 1111111
1111111111111 111111111111111 311111111ἀί 111 1111111111
111 111111 che 1111111 11311111, 111111111111111 11111 111
1111111111 por 1111111111,111111111111 111111 accomodata:
oudo ι111111111111111111111111111 11 1111111111 11 1111111111
11 ferro 1111111111 1111111111, [1111111 111111 11111111 11111111 111
11 11111111,1111111111 di 111 111111, perch& uppem 11-
,1111111111 11111111, 11111111111111 111111 111 111 1111 111 11111-
1111, 1111111111111111 oi 1111 1111 111 1111111111 1111111111
111 1111111111 111111111 11111111111111, 1 gli domando 111111
egli 11111 1111111 11 1111111111 11111111111111111 111111·
111111 1111111111111111 11 111 1111111111 11111 ohe 1111
11 1111111111 E 11111 1111111111 1111 11 1111111111, 111111-
11111111111 111 11111111, 111 11111111111 1111111 111 1111111
piombo· 1111, 11111111 111111 111 11 11111111, 1111 111 solo 111
1111111111111 11 mostra 11111111, 1111111111 11111111

 

