111· 111111111111. 1105

pore 11111111111111111 vongo 111111 11111111 11111111111111 11 111·
111111, 11111111 111111111 111-1111111 11111 1111111111 1111111111111111-
11111111111111111, 11111 pleno 111· 111111 111111, 1111111 11 11111
siche 111 ionio superiore oporgovo 111 1111111111111111111111111111
11111 1111111111111111, 111111 111111 11 11111111111111, 11· quoio
111 11111111111 11111111 111111 1111111, 111 1111 111111 11 11111, 111
111111, 11 1111 11 ioco rimato 1111111, 111 1111 111111 1111111111
11 poso di 111 1 pii 1111111· 1111111 sopio. Qoooia 11111111 111111 od
11111 1111111111, quoni 111 11111111, io 11111111111111111111 11111111
1111111 11111 , 1111 11111111 111 111111 111111111111111111 11 1111ι
1111 11 111111111 11111 ragione 111 1111111111. 91 111111 11111 1111111
111111, 11111111 111111111, 11111111111111111 1111111111111, 1111111
1111111 11111 1111111111111, 111 1111111111111111111111111111111 co
gione 1111111111 1111111111, 1111111111 1111111 11 ugione doii’oqoiiiorio
per l’egooiiii 11111 11111.

1111111111 1111111111 gooo 111 1111111111111 “
111111 111111111111111111111111, 1 (1111111111111 pii 1111111111, 111111
1111111111 1111111 ragione 11 111111 111111. 111 11111 11 111 11111 1
11111111 1111 111111 1111111111 1111111111111111 11111, 11111 Anci
(111. Ι, 111. 1), 1111111111 11 1111 11111111111111111, 111 1111111111
111 11111 11 gron 11111 1111111111 1111111, 111 1111111111 111 111111111-
11111 11 1111, 1111111111, por 1111 1111, 1’ 1111111 1111111111111111 11111
11111, 1 1111 1111111 nominoio 11 11111111111111 1 1111111111 dolio
1111 oeque, 11111 1111111111 111,11111111111111 11111 111111111111111,
. miniandum moin 1111111, 11 quale proeimmonio 1113111511, 111 11·
1111111111 111111 1111111111 1111111111 di liquido, 11 molo 1 1’ 11-
1111111111 1111111111111111111111 111111111111111 1111111111 .
111 1111 11111111, vogliono qoooii 1111111111 111111111 1111 11111 o
11’ 1111 11 1111, 1 peroio· 111 1111111111 1111111111111111 111 1111111
in 1111111111 1111111111 1 11 111111111111111111 11111 11111, boneio
11 premio 1111111 111 ogni 11111, 11111111111111 111111111111111111

111111, 1111111111 11111111 111 propositione principale 111
111111111111111 io muwdimodtu 1 11111111 1111111111 111
1111111111 1111111111111111111111 mandor· 11111111 11111111111111-
111111111111 o 1 11111. 1111111 propositione vion 1111111111 111 1111
1111111, 1111 1111111111111 1111111, 1111111111111111111 corpo liquido

o 111111 quoio 11111111111 11111 1111111111 111111 1111111, 1111111·
1111 il 11111 1111111111 11 parii 11111111111 aeguo, 1111 111 1111111111-
11111 1 11111111 1111111 oio 11 11111 1111 1 111111 111111 1111111111
11111111 1 111111, 1111111 11111 1111111111 1111111111 11111 111111 11111
111111111111111111111111111111111111111111111 11111111111111111

 

