111 11111111 1111111111

punto, 111 1111111111 111 1111111111 1111 1111111111111 111 111
111111 1111111111 1111111111 11 (11111111 111111111111, 111111111111
111 111111. 1111 111111 1111111 11111111111111111111111111111111
1111 quando 1 11111111 11 supernato 1111111111 nonus, 111 1111
1111111111111111111111111111,11111111 11111111111011111
1111111111 11111111 111 1111111111 11111 (1111* 11111 1111111 111111.
1111 11111 prima 111 1111111111, 1111111111 111111 11111 1111111111111
11 su maioma: 1111111111111111111 111 prs-eim, 111-1
811. 11111111. 1111111 1111111111, 1111111111 11 1111111 11111111
0111111 1 111111111νί 111 1111111111

1211111, 111 111 11111111 1111111, 11111111 1111 111111 11111,
11111 111111111111111111111111 111111 11111 11111 1111, 1 11111
1111111111, 1111111 1111111111 111111, 11 111111 111. 11 1111 11111
1111111111 1111111 1111111111 111 11111 111 1111 11111111 111 11111
1111111111, 11111 1111111 1111111 11111111, 11111 1, 111. 1. La nm
1, 1111111111 11111 11111111 11111111 11 111111111’11111 111 uhi,
11 11111111111 11 11111111 1111111111111111,ἔ11’1111111 111111
1111 11 1111111111111 111 1111111111 111111,Ι 111 1111 11111 1111111
(11111 11 111111111113, 111 111111 111111111111111111111 1 dni
1111, 1111111111 1111 111 1111111111, 1111111 111,Ίί1111111οῶ 11111
1 11111, 1 111 1111111111, 11’ 1111111111 1111111111111111111111,
1111111111111 111 111111 111 11111111 1111111111 111 1111111 1 p·
1111111 11111111111 1111 111111111111 1 1111, 111 11 1111111111
1111111, 111111 111111 11111 11111 1111111111 11111, 11 111 111111-
qun 11111 men 111111111111111111111111 111 1111 1111111 nh
111111 1111111111 111111111 11111,,111111,11111 1111111111. 1111
1111111111 11111 111111 111111111111111111111 11111 11 pn
11111 111111 11 mom: 11111111 11111111111111 1111111 un·
111, 111111111111 peso di 111111111111, 11111 11 111111 11111111
111111 111111111, ma 1111111111 1111111111 111 11111 1111111111
11111 1 1111111111 11 tempo 111 11111 111 1111 111111111111η1
grosso, 11 1111 dato 111 qualche 11111 1111111 11111111 11111111 111·
1111, 111 111111111111111 111111; 111111 11 111111 1111 11111 1111·
1111111 11 111111 11 1111111 111 111 di 1111, 111 11 poche„ 11 1111, 11
111 111111111111111 111111 1111111111, quello 1111111 affl
111111111111 111 11111111 111111 1111111111 111 111 11111111. 1111·
1111111111 11 1111 11111 111111111111111 1111111111, 11111111 111111
111 11111, 11111 111 111111 11 1111111111.11111111111111111111111
111 11111111, 11111 111111 11111 1111111111 111 11111111111111111111.

11111111 1111111111 1111111111ϋ11111111111111111111111111,1111·

 

