.l 1001111311 00113 1111110111. 323

’ elne in essa si' 100010 000 10100111 003 103011 0 31110 1011110,
000 1101 111111000 che s’ abbia 3 1010 00110 100 10111, 100
solamente 101310110 3100010101110010, 10 quella 10110 0110
31 11013113010311100130 01001010 00 00110 101 131000, 10
quale resiste 0 131 10010 1001001011 lei 1· 3111113 11 11111010
10110 01000010 01110 1001001100 11313 1001131011110013, lul·
10110118110011101001110 11101110 01 00011111011 quello 0110 11
1011011110 101 113001101 11000. Egli 1100 che 13 10031011110013

000 0110010010 1110001100111 00110 perti: 013 011 000 113113,
1101011111 signer Galileo non 011000011101110001100111 13113
1000 1031310013, 013 dalla 00111101011 101010 11 811001110-
lembo 1101310 che 1100113 1011310013 000 31101310 111000-
1100111ς 11 0110 egli non 113 13110 01 1311 mai. 10110100 10
011’ 10000110 000 maggior 101111 100111310 0110131130111111113

1031010013 000 3110010013 0001100111, 1010111 101113100 10110111
00111 3001013010010 resistere 3 131 10131311000, 0 essere 31-
110131111 13111 solamente 00011100. Ε 0111 1111 olle 11 101110
013 31110 elle 00 aggregato di innumerabili 1010111 1100110011
insieme 10100101011100 conlatio? 0 10101 renilenlissinm
0113 101313110ηο. La 33113101311 111100 0 11001110, 0110 31-
1000010310100100101111113010, 111 0001101103 1010 001
300111100 10003010010, 0 1010101111000 13010 3113 30131311000.
(110011131010 dunque 1 1’ 011010 11 0111 1010310 argumentare 13
1001100111 113 1013111 11 00 3011101011001110113010111100111 »
001101013110, 1010010 basiare alcuni semplici 000101110131-
&manle 000110100110. 11011 10 000 1101001011811.1101010110
00011010 11010013 00110 310000, 101 quale 0101110011 011* 01
010 011 continuo 1010, 0 01010 che 1’ 0111 0 31111 11 100110110
0 10101 1100111110 0000101001001001013000110011110110 13111
1’ 010000 10’ 001111 00111, 011011110 0110 1310 331310101101110-
lilmenle, 100100 01111 che 310 manifestissimo, 00010 egli
3011000, 0110 13113 313 00 00011000; 1100 3011000, 1010111
13 11010, clr'ei 00 1101000, 100010131110 di 0100 111010.
La 300 11010 1, che 10 310000 001311οΙ3 000110011100111113,
111001001011110 10111 11 10010, 11 0110, 1100 egli, 11011011111110, e
ne 11113 11 811113111οο 3 1111013, quando egli 1101001011011
000110110, 0 s' 0110111110 3 1111011010 10 300 1311001. Ma 1011111

 

