1 11111111 11111111. 581

11 1111111 1111 1’ 1111 aurae la 11111111111Ι1ο,111111111111
111 1111111111111111, 11 11 1111111 1111111111 1 1111111111
111111111111 1111111. 1111 11111 111111111111 1111111
ben 111111,111111 11111111 11111 11111111, 1111111111 ben
111111111111111 esallamenle 1111111 11 superficie del 1111·
111 senza 1111 lasci spiraculo 111111,1111 meglio 111111-
11111 1111111111 11111111111111111 poco 111111111111 11111
11111111,1111111111111 111 1111111 11111 ogni 111111111111-
1111, 1111 111 1111111 1111111111111111111111111111111, 11
111111111 11 111111111111111 11 11111111, 1111 1111111111 sepa-
11111 1’111111111111111,111111111 1111111 20 11111111; 1111111
11111111111111111111 11 11111 11111111111 111111111 111111
1111 111111111111111111,111 1111111 1111 111 11111 111111
111 11111111 11 quella poca 11111111 11 quella 1111111111, ma
² 1111111 111 11 111 11111111 immobile. Ma 11111111111111111 11
1111111111111 11 11111111111111111 1 1111111 ogni 11111111, 1
1111 1111111111 111 1111111 11111111 11 peri 11111111 11111, 11
pietro e 1 11111111, 111 11111 1111111111111111111111111,11·
dale 1 111111 qualche 1111111 11111111 11 11111 111111111111,

1111 egli 11111 caune esquisilamenle 11111111, 111 11 111111111-
11111111 11111, 111111111111111111 111111111111 111 palla.
’ 11 11111111 111 11111 11111 1111111111111 111111ς 1 1111111
11111111 palla 11 plumbo 11 11111111111111111111111 scru-
1111111111ὲῆ 1111111111111111 111111 11111111, 1 mollo acqueo
11 111111111111111111111 11 111 superficie 111 quella

1111’1111; 11 1111111111 11111111 11111111 per 111111 11111111·
1111111111 1111111 11111, 11 1111111,1’111111,11 11 somma
· ’1111111111111111 11 1111111. Μ1 1111111 111 11111,Βί-
gnor (111111, 11111111111 111 11111111, 1111 111111 111111 11
1111111111, 1111111 11111111 simili 1111111111111, 11 1111111111111111
11111111,11111111111 11 1111 1 1111111111 1111111111, 1 di 111
quasi 1111111111 dove 11, 111111111 11 parte 1111 1111111111
opera 11111 11 1111111111 11 quello 1111111 1111, 1111111 111111
1111 1111 1111111111 111111 111111111 1111 11 1111111111,1
11111 1111111 1 11111111 viscosi 11111 pil! 11111111111111111111
111111 1111111111, 1 umidi longono pochissim03 111111 1111-
1111111111 ml 1111111 quello 1111 111 1111111 1111 1111111111

 

