3 33333333 m 333313. 11811

33333313 13 333311313 3113 3331333 113113 3333113 13 3313333,
31333 3 333333 ed 3113333333 11 ’3331331333 accidente 331 333·
11331333 3331313113 3311· istesso 133333. Ne men 3333333313 333·
1333131133 3311 3 se stesso ed 31 vero 3311311333 333313, men·
133 31133333 3133 13313 31 acqua 13331 de! 3333313 1333331333
33331 3 13331333 13 3113; 33331, quando si 1333333 3311313·
mento inferiore 3 1333, come sarebbe 3113333331313313 31
13333 3311333333 333 questo e 13131331333, 3 333133 3111313333
813. (133313, 33331313 13313 3311333333 e 13331333. Segne poison
33 nuovo errore, e (1133 13 3331331333 3313 ed aequa 3333313331333
qnando si noveno Ι331 13333111 quelli 313333311, 3’ quali 311333
33333313333, di modo 3133 33333313313 1’ 3313 311 acqua, 13313
3311333333 dovere esser 13331333ς 333 33 33333 innanzi seguine
113331333133 1313131313313 3311333333 ὲ 33333 3 3333 133-
3133313 111333113 1131 8131133313. Creden') 13333 3133 egli 313-
1313331313 13 animodi dire 31133 da (3331 3133 3311 113 3333·
mente 3331113, 333 3131 3313333 entrare 3 3333333333 13113 11
333 13313 333 1331333133 mai, 33331313 31133 3311 333331 innume·
rabili 3133 31 3333, 11 quali si 3313313333 31131133133 3113 3333
3111133333 deno 31333313333111 (333113 3133 133 131313313313 13
133313113113 33333331331, 33113 33313 33 33333333 99 333 11111,
311 31131, 3133 veramente 3333 (1311331333, 3331113113111 me·
⁵ 333313 3 333 333 33333 3333333 1 33313111, 333 3331333313 1311 .
edi 31 3333 numero, 3133333 mi 333 di 133 3333 3 1311331-
3333 11 33333, 333 3133 3 33133311 3 33311333311. Ε 3131 31133·
verebbe 3331 13 333133ιί333 13 que! 3133 3333331131 813. 1133313
13 quesn medesima 1333211, menne 3311 333131333311333 3
33313 3333313333 3 3331331 di 13133333 3 11 Τ33313113,(1333 3311
senine: 11313113 331333 esperimus, 3133 a: 31 3333333133 cn· 13331
Qui 31133 31 mancat 13 313311333 (13113 333313, e 3333 133113
difficile 11 determinare 3331 33313 31 33333311313313333133
33 3113 33331133 3 3113111333311333 3333133 331333 mene 13
31313113 33 313 3333 3133 3313333133 31 1311333 333 3331333 11
3333 3131133333, 331 33331333311 31ὸ 3333313311 333133313,
poiche quando 1333333 33333 1· acqua si 3331333 33333311 313
333 3333 molestie, 33333 33 133333 3113333333 3333313 333333

333 331 dice 3133 333 3333 31333133 333133 313113 3313331333
63333313313333. -1“. XH. 11

 

